<?xml version="1.0" encoding="utf-8"?>
<COLLADA xmlns="http://www.collada.org/2005/11/COLLADASchema" version="1.4.1">
  <asset>
    <contributor>
        <author>Mixamo</author>
        <authoring_tool>COLLADA Mixamo exporter</authoring_tool>
        <comments></comments>
    </contributor>
    <created>2017-07-20T08:14:08Z</created>
    <modified>2017-07-20T08:14:08Z</modified>
    <revision></revision>
    <title></title>
    <unit meter="0.010000"/>
    <up_axis>Y_UP</up_axis></asset>
  <library_animations>
    <animation id="mixamorig_Hips-anim" name="mixamorig_Hips"><source id="mixamorig_Hips-Matrix-animation-input"><float_array id="mixamorig_Hips-Matrix-animation-input-array" count="262">

0.000000 0.033333 0.066667 0.100000 0.133333 0.166667 0.200000 0.233333 0.266667 0.300000 0.333333 0.366667 0.400000 0.433333 0.466667 0.500000
0.533333 0.566667 0.600000 0.633333 0.666667 0.700000 0.733333 0.766667 0.800000 0.833333 0.866667 0.900000 0.933333 0.966667 1.000000 1.033333
1.066667 1.100000 1.133333 1.166667 1.200000 1.233333 1.266667 1.300000 1.333333 1.366667 1.400000 1.433333 1.466667 1.500000 1.533333 1.566667
1.600000 1.633333 1.666667 1.700000 1.733333 1.766667 1.800000 1.833333 1.866667 1.900000 1.933333 1.966667 2.000000 2.033333 2.066667 2.100000
2.133333 2.166667 2.200000 2.233333 2.266667 2.300000 2.333333 2.366667 2.400000 2.433333 2.466667 2.500000 2.533333 2.566667 2.600000 2.633333
2.666667 2.700000 2.733333 2.766667 2.800000 2.833333 2.866667 2.900000 2.933333 2.966667 3.000000 3.033333 3.066667 3.100000 3.133333 3.166667
3.200000 3.233333 3.266667 3.300000 3.333333 3.366667 3.400000 3.433333 3.466667 3.500000 3.533333 3.566667 3.600000 3.633333 3.666667 3.700000
3.733333 3.766667 3.800000 3.833333 3.866667 3.900000 3.933333 3.966667 4.000000 4.033333 4.066667 4.100000 4.133333 4.166667 4.200000 4.233333
4.266667 4.300000 4.333333 4.366667 4.400000 4.433333 4.466667 4.500000 4.533333 4.566667 4.600000 4.633333 4.666667 4.700000 4.733333 4.766667
4.800000 4.833333 4.866667 4.900000 4.933333 4.966667 5.000000 5.033333 5.066667 5.100000 5.133333 5.166667 5.200000 5.233333 5.266667 5.300000
5.333333 5.366667 5.400000 5.433333 5.466667 5.500000 5.533333 5.566667 5.600000 5.633333 5.666667 5.700000 5.733333 5.766667 5.800000 5.833333
5.866667 5.900000 5.933333 5.966667 6.000000 6.033333 6.066667 6.100000 6.133333 6.166667 6.200000 6.233333 6.266667 6.300000 6.333333 6.366667
6.400000 6.433333 6.466667 6.500000 6.533333 6.566667 6.600000 6.633333 6.666667 6.700000 6.733333 6.766667 6.800000 6.833333 6.866667 6.900000
6.933333 6.966667 7.000000 7.033333 7.066667 7.100000 7.133333 7.166667 7.200000 7.233333 7.266667 7.300000 7.333333 7.366667 7.400000 7.433333
7.466667 7.500000 7.533333 7.566667 7.600000 7.633333 7.666667 7.700000 7.733333 7.766667 7.800000 7.833333 7.866667 7.900000 7.933333 7.966667
8.000000 8.033333 8.066667 8.100000 8.133333 8.166667 8.200000 8.233333 8.266667 8.300000 8.333333 8.366667 8.400000 8.433333 8.466667 8.500000
8.533333 8.566667 8.600000 8.633333 8.666667 8.700000</float_array><technique_common><accessor source="#mixamorig_Hips-Matrix-animation-input-array" count="262"><param name="TIME" type="float"/></accessor></technique_common></source><source id="mixamorig_Hips-Matrix-animation-output-transform"><float_array id="mixamorig_Hips-Matrix-animation-output-transform-array" count="4192">

0.990704 0.083764 -0.107191 -1.044319 -0.077636 0.995167 0.060127 96.457733 0.111709 -0.051246 0.992419 0.039816 0.000000 0.000000 0.000000 1.000000
0.990772 0.083602 -0.106681 -1.043680 -0.077541 0.995197 0.059755 96.461662 0.111165 -0.050931 0.992496 0.059769 0.000000 0.000000 0.000000 1.000000
0.990838 0.083413 -0.106216 -1.042816 -0.077413 0.995227 0.059413 96.465881 0.110665 -0.050646 0.992566 0.080660 0.000000 0.000000 0.000000 1.000000
0.990891 0.083071 -0.105995 -1.040733 -0.077101 0.995262 0.059239 96.471779 0.110414 -0.050527 0.992601 0.106827 0.000000 0.000000 0.000000 1.000000
0.990941 0.082704 -0.105808 -1.038551 -0.076758 0.995297 0.059088 96.478081 0.110197 -0.050431 0.992630 0.134353 0.000000 0.000000 0.000000 1.000000
0.990990 0.082309 -0.105664 -1.036160 -0.076382 0.995333 0.058968 96.484703 0.110025 -0.050365 0.992652 0.162922 0.000000 0.000000 0.000000 1.000000
0.991031 0.081847 -0.105634 -1.033131 -0.075925 0.995371 0.058924 96.491920 0.109968 -0.050375 0.992658 0.193306 0.000000 0.000000 0.000000 1.000000
0.991062 0.081280 -0.105785 -1.029037 -0.075339 0.995411 0.059004 96.500015 0.110095 -0.050507 0.992637 0.226273 0.000000 0.000000 0.000000 1.000000
0.991072 0.080520 -0.106266 -1.023154 -0.074517 0.995455 0.059303 96.509834 0.110558 -0.050855 0.992568 0.264536 0.000000 0.000000 0.000000 1.000000
0.991039 0.079343 -0.107456 -1.013528 -0.073187 0.995508 0.060068 96.523560 0.111740 -0.051666 0.992394 0.314837 0.000000 0.000000 0.000000 1.000000
0.990973 0.077939 -0.109079 -1.000124 -0.071568 0.995559 0.061154 96.537766 0.113361 -0.052796 0.992150 0.365386 0.000000 0.000000 0.000000 1.000000
0.990869 0.076338 -0.111138 -0.981903 -0.069684 0.995605 0.062577 96.551208 0.115427 -0.054261 0.991833 0.410356 0.000000 0.000000 0.000000 1.000000
0.990737 0.074609 -0.113463 -0.960724 -0.067624 0.995642 0.064211 96.564087 0.117759 -0.055943 0.991465 0.453077 0.000000 0.000000 0.000000 1.000000
0.990616 0.073110 -0.115480 -0.937269 -0.065813 0.995661 0.065784 96.572205 0.119789 -0.057567 0.991129 0.488524 0.000000 0.000000 0.000000 1.000000
0.990590 0.071625 -0.116622 -0.928682 -0.064143 0.995709 0.066700 96.580215 0.120899 -0.058592 0.990934 0.528851 0.000000 0.000000 0.000000 1.000000
0.990639 0.069872 -0.117268 -0.938406 -0.062307 0.995807 0.066983 96.595024 0.121457 -0.059049 0.990839 0.584803 0.000000 0.000000 0.000000 1.000000
0.990687 0.068102 -0.117901 -0.948355 -0.060457 0.995903 0.067246 96.610092 0.121997 -0.059492 0.990746 0.641158 0.000000 0.000000 0.000000 1.000000
0.990734 0.066317 -0.118521 -0.958542 -0.058596 0.995998 0.067492 96.625359 0.122523 -0.059922 0.990655 0.697871 0.000000 0.000000 0.000000 1.000000
0.990780 0.064522 -0.119131 -0.968978 -0.056725 0.996090 0.067723 96.640800 0.123035 -0.060340 0.990566 0.754896 0.000000 0.000000 0.000000 1.000000
0.990823 0.062721 -0.119733 -0.979675 -0.054850 0.996181 0.067939 96.656380 0.123536 -0.060748 0.990479 0.812186 0.000000 0.000000 0.000000 1.000000
0.990864 0.060915 -0.120326 -0.990643 -0.052972 0.996268 0.068144 96.672050 0.124028 -0.061147 0.990393 0.869697 0.000000 0.000000 0.000000 1.000000
0.990902 0.059109 -0.120913 -1.001894 -0.051095 0.996353 0.068338 96.687767 0.124512 -0.061538 0.990308 0.927380 0.000000 0.000000 0.000000 1.000000
0.990936 0.057306 -0.121496 -1.013440 -0.049222 0.996434 0.068525 96.703499 0.124990 -0.061923 0.990224 0.985192 0.000000 0.000000 0.000000 1.000000
0.990967 0.055510 -0.122075 -1.025293 -0.047357 0.996512 0.068705 96.719208 0.125463 -0.062304 0.990140 1.043085 0.000000 0.000000 0.000000 1.000000
0.990995 0.053724 -0.122652 -1.037463 -0.045502 0.996587 0.068881 96.734863 0.125934 -0.062680 0.990056 1.101014 0.000000 0.000000 0.000000 1.000000
0.991018 0.051951 -0.123229 -1.049962 -0.043660 0.996657 0.069055 96.750389 0.126404 -0.063054 0.989973 1.158934 0.000000 0.000000 0.000000 1.000000
0.991036 0.050195 -0.123807 -1.062801 -0.041834 0.996723 0.069228 96.765785 0.126876 -0.063428 0.989889 1.216797 0.000000 0.000000 0.000000 1.000000
0.991050 0.048459 -0.124387 -1.075993 -0.040029 0.996785 0.069402 96.780998 0.127350 -0.063802 0.989804 1.274557 0.000000 0.000000 0.000000 1.000000
0.991059 0.046747 -0.124971 -1.089548 -0.038246 0.996843 0.069580 96.795975 0.127829 -0.064178 0.989718 1.332170 0.000000 0.000000 0.000000 1.000000
0.991062 0.045063 -0.125560 -1.103478 -0.036489 0.996896 0.069763 96.810692 0.128314 -0.064558 0.989630 1.389589 0.000000 0.000000 0.000000 1.000000
0.991060 0.043409 -0.126157 -1.117794 -0.034762 0.996944 0.069952 96.825104 0.128808 -0.064942 0.989541 1.446767 0.000000 0.000000 0.000000 1.000000
0.991001 0.043301 -0.126656 -1.166555 -0.034590 0.996934 0.070186 96.826195 0.129307 -0.065174 0.989460 1.500703 0.000000 0.000000 0.000000 1.000000
0.990896 0.043473 -0.127419 -1.217063 -0.034646 0.996896 0.070698 96.826736 0.130097 -0.065640 0.989326 1.547343 0.000000 0.000000 0.000000 1.000000
0.990718 0.043286 -0.128854 -1.259910 -0.034294 0.996872 0.071203 96.832314 0.131533 -0.066124 0.989104 1.592545 0.000000 0.000000 0.000000 1.000000
0.990499 0.042838 -0.130677 -1.298775 -0.033665 0.996864 0.071621 96.840858 0.133335 -0.066541 0.988835 1.638510 0.000000 0.000000 0.000000 1.000000
0.990257 0.042315 -0.132666 -1.335621 -0.032951 0.996860 0.072002 96.850693 0.135296 -0.066929 0.988542 1.686010 0.000000 0.000000 0.000000 1.000000
0.989962 0.041628 -0.135066 -1.367427 -0.032057 0.996869 0.072275 96.863853 0.137652 -0.067219 0.988197 1.739556 0.000000 0.000000 0.000000 1.000000
0.989657 0.040951 -0.137483 -1.395866 -0.031153 0.996869 0.072678 96.876740 0.140029 -0.067643 0.987834 1.793875 0.000000 0.000000 0.000000 1.000000
0.989387 0.040669 -0.139498 -1.416807 -0.030629 0.996834 0.073381 96.887001 0.142041 -0.068329 0.987500 1.827684 0.000000 0.000000 0.000000 1.000000
0.989133 0.040547 -0.141323 -1.435079 -0.030255 0.996782 0.074233 96.896606 0.143878 -0.069150 0.987176 1.851441 0.000000 0.000000 0.000000 1.000000
0.988882 0.040515 -0.143077 -1.451879 -0.029968 0.996725 0.075111 96.905525 0.145652 -0.069989 0.986857 1.871333 0.000000 0.000000 0.000000 1.000000
0.988631 0.040626 -0.144770 -1.466425 -0.029835 0.996665 0.075947 96.912827 0.147373 -0.070765 0.986546 1.887327 0.000000 0.000000 0.000000 1.000000
0.988383 0.041300 -0.146261 -1.471773 -0.030311 0.996602 0.076584 96.913246 0.148927 -0.071261 0.986277 1.888380 0.000000 0.000000 0.000000 1.000000
0.988184 0.042725 -0.147200 -1.466605 -0.031608 0.996526 0.077046 96.906380 0.149980 -0.071483 0.986101 1.871353 0.000000 0.000000 0.000000 1.000000
0.987988 0.044936 -0.147852 -1.451320 -0.033785 0.996452 0.077085 96.893959 0.150792 -0.071164 0.986001 1.829776 0.000000 0.000000 0.000000 1.000000
0.987722 0.047789 -0.148736 -1.427780 -0.036664 0.996383 0.076660 96.877945 0.151861 -0.070265 0.985901 1.764385 0.000000 0.000000 0.000000 1.000000
0.987436 0.050791 -0.149638 -1.402093 -0.039711 0.996307 0.076126 96.860794 0.152952 -0.069227 0.985806 1.693247 0.000000 0.000000 0.000000 1.000000
0.987165 0.053823 -0.150361 -1.374194 -0.042818 0.996227 0.075489 96.841217 0.153856 -0.068082 0.985745 1.618096 0.000000 0.000000 0.000000 1.000000
0.986975 0.056900 -0.150472 -1.339902 -0.046058 0.996150 0.074585 96.811630 0.154137 -0.066683 0.985797 1.534300 0.000000 0.000000 0.000000 1.000000
0.987061 0.059535 -0.148883 -1.296454 -0.049064 0.996121 0.073047 96.776413 0.152655 -0.064797 0.986153 1.432885 0.000000 0.000000 0.000000 1.000000
0.987351 0.061355 -0.146195 -1.261335 -0.051332 0.996128 0.071374 96.757973 0.150008 -0.062967 0.986678 1.331083 0.000000 0.000000 0.000000 1.000000
0.987613 0.062840 -0.143778 -1.222965 -0.053228 0.996143 0.069759 96.747665 0.147607 -0.061242 0.987148 1.236270 0.000000 0.000000 0.000000 1.000000
0.987662 0.063937 -0.142952 -1.172523 -0.054580 0.996161 0.068448 96.750458 0.146779 -0.059801 0.987360 1.160997 0.000000 0.000000 0.000000 1.000000
0.987583 0.064677 -0.143164 -1.113607 -0.055477 0.996186 0.067354 96.763824 0.146974 -0.058576 0.987404 1.100278 0.000000 0.000000 0.000000 1.000000
0.987539 0.065436 -0.143125 -1.052826 -0.056388 0.996199 0.066387 96.773979 0.146925 -0.057489 0.987476 1.047980 0.000000 0.000000 0.000000 1.000000
0.987607 0.066254 -0.142274 -0.988490 -0.057354 0.996185 0.065777 96.775047 0.146089 -0.056802 0.987639 1.015844 0.000000 0.000000 0.000000 1.000000
0.987922 0.067069 -0.139682 -0.931295 -0.058352 0.996139 0.065596 96.769943 0.143542 -0.056653 0.988021 0.977892 0.000000 0.000000 0.000000 1.000000
0.988048 0.067990 -0.138338 -0.892873 -0.059318 0.996063 0.065879 96.761208 0.142273 -0.056886 0.988192 0.924592 0.000000 0.000000 0.000000 1.000000
0.988148 0.068942 -0.137149 -0.856684 -0.060296 0.995981 0.066230 96.751785 0.141164 -0.057176 0.988334 0.868713 0.000000 0.000000 0.000000 1.000000
0.988240 0.069905 -0.135995 -0.821324 -0.061280 0.995895 0.066611 96.742035 0.140093 -0.057494 0.988468 0.811836 0.000000 0.000000 0.000000 1.000000
0.988322 0.070868 -0.134901 -0.786692 -0.062260 0.995808 0.067002 96.732224 0.139083 -0.057821 0.988591 0.754482 0.000000 0.000000 0.000000 1.000000
0.988390 0.071821 -0.133893 -0.752684 -0.063225 0.995722 0.067389 96.722610 0.138160 -0.058141 0.988702 0.697168 0.000000 0.000000 0.000000 1.000000
0.988443 0.072752 -0.132996 -0.719198 -0.064165 0.995637 0.067753 96.713493 0.137345 -0.058436 0.988798 0.640412 0.000000 0.000000 0.000000 1.000000
0.988478 0.073649 -0.132238 -0.686134 -0.065069 0.995556 0.068079 96.705132 0.136664 -0.058690 0.988877 0.584734 0.000000 0.000000 0.000000 1.000000
0.988490 0.074499 -0.131668 -0.653485 -0.065922 0.995481 0.068345 96.697906 0.136165 -0.058878 0.988935 0.530797 0.000000 0.000000 0.000000 1.000000
0.988427 0.075224 -0.131736 -0.623002 -0.066631 0.995426 0.068470 96.693871 0.136284 -0.058900 0.988917 0.481294 0.000000 0.000000 0.000000 1.000000
0.988306 0.075852 -0.132281 -0.594508 -0.067227 0.995384 0.068499 96.692047 0.136866 -0.058805 0.988843 0.434545 0.000000 0.000000 0.000000 1.000000
0.988179 0.076458 -0.132875 -0.566860 -0.067798 0.995343 0.068524 96.690193 0.137496 -0.058705 0.988761 0.387208 0.000000 0.000000 0.000000 1.000000
0.988105 0.077116 -0.133048 -0.540309 -0.068434 0.995291 0.068648 96.684784 0.137715 -0.058727 0.988729 0.332469 0.000000 0.000000 0.000000 1.000000
0.988070 0.077672 -0.132982 -0.515287 -0.068962 0.995237 0.068900 96.679260 0.137700 -0.058907 0.988721 0.276970 0.000000 0.000000 0.000000 1.000000
0.988009 0.078116 -0.133179 -0.487189 -0.069357 0.995190 0.069185 96.679184 0.137943 -0.059118 0.988674 0.230683 0.000000 0.000000 0.000000 1.000000
0.987945 0.078526 -0.133412 -0.458717 -0.069716 0.995145 0.069477 96.680206 0.138220 -0.059338 0.988622 0.186884 0.000000 0.000000 0.000000 1.000000
0.987894 0.078855 -0.133592 -0.431464 -0.069999 0.995106 0.069739 96.681976 0.138437 -0.059543 0.988580 0.150470 0.000000 0.000000 0.000000 1.000000
0.987871 0.079050 -0.133646 -0.406836 -0.070166 0.995081 0.069931 96.684402 0.138517 -0.059705 0.988559 0.126311 0.000000 0.000000 0.000000 1.000000
0.987873 0.079091 -0.133613 -0.384451 -0.070195 0.995072 0.070032 96.688148 0.138493 -0.059804 0.988556 0.114981 0.000000 0.000000 0.000000 1.000000
0.987889 0.079063 -0.133506 -0.363503 -0.070162 0.995068 0.070115 96.692261 0.138391 -0.059899 0.988565 0.110708 0.000000 0.000000 0.000000 1.000000
0.987914 0.079059 -0.133326 -0.343273 -0.070149 0.995059 0.070259 96.695541 0.138222 -0.060057 0.988579 0.107288 0.000000 0.000000 0.000000 1.000000
0.987981 0.079210 -0.132737 -0.324248 -0.070272 0.995017 0.070727 96.694885 0.137678 -0.060549 0.988625 0.106046 0.000000 0.000000 0.000000 1.000000
0.987999 0.079468 -0.132449 -0.313968 -0.070468 0.994962 0.071315 96.690384 0.137449 -0.061126 0.988621 0.096184 0.000000 0.000000 0.000000 1.000000
0.987969 0.079757 -0.132496 -0.305299 -0.070668 0.994902 0.071944 96.685478 0.137559 -0.061715 0.988569 0.078840 0.000000 0.000000 0.000000 1.000000
0.987930 0.080056 -0.132610 -0.297225 -0.070873 0.994841 0.072584 96.680359 0.137737 -0.062310 0.988507 0.059941 0.000000 0.000000 0.000000 1.000000
0.987892 0.080327 -0.132730 -0.290997 -0.071064 0.994789 0.073113 96.675339 0.137911 -0.062795 0.988452 0.041696 0.000000 0.000000 0.000000 1.000000
0.987867 0.080533 -0.132794 -0.287867 -0.071227 0.994755 0.073406 96.670708 0.138009 -0.063057 0.988422 0.026314 0.000000 0.000000 0.000000 1.000000
0.987861 0.080659 -0.132758 -0.288554 -0.071359 0.994748 0.073384 96.666634 0.137980 -0.063019 0.988428 0.015032 0.000000 0.000000 0.000000 1.000000
0.987860 0.080805 -0.132676 -0.290594 -0.071532 0.994746 0.073238 96.662285 0.137897 -0.062858 0.988450 0.003580 0.000000 0.000000 0.000000 1.000000
0.987860 0.080975 -0.132569 -0.293414 -0.071741 0.994747 0.073020 96.657654 0.137786 -0.062623 0.988480 -0.008461 0.000000 0.000000 0.000000 1.000000
0.987863 0.081154 -0.132445 -0.296922 -0.071967 0.994751 0.072744 96.652901 0.137653 -0.062330 0.988517 -0.020610 0.000000 0.000000 0.000000 1.000000
0.987867 0.081326 -0.132309 -0.301024 -0.072194 0.994758 0.072422 96.648170 0.137505 -0.061992 0.988559 -0.032387 0.000000 0.000000 0.000000 1.000000
0.987873 0.081474 -0.132170 -0.305627 -0.072401 0.994769 0.072067 96.643631 0.137351 -0.061624 0.988604 -0.043310 0.000000 0.000000 0.000000 1.000000
0.987882 0.081583 -0.132036 -0.310638 -0.072571 0.994783 0.071693 96.639427 0.137196 -0.061242 0.988649 -0.052899 0.000000 0.000000 0.000000 1.000000
0.987894 0.081636 -0.131914 -0.315963 -0.072685 0.994802 0.071311 96.635735 0.137050 -0.060860 0.988693 -0.060673 0.000000 0.000000 0.000000 1.000000
0.987909 0.081617 -0.131810 -0.321509 -0.072724 0.994826 0.070936 96.632683 0.136918 -0.060493 0.988734 -0.066151 0.000000 0.000000 0.000000 1.000000
0.987928 0.081511 -0.131734 -0.327183 -0.072671 0.994855 0.070580 96.630455 0.136809 -0.060155 0.988769 -0.068852 0.000000 0.000000 0.000000 1.000000
0.987951 0.081301 -0.131691 -0.332891 -0.072507 0.994890 0.070257 96.629189 0.136730 -0.059862 0.988798 -0.068296 0.000000 0.000000 0.000000 1.000000
0.987979 0.080973 -0.131687 -0.338532 -0.072216 0.994931 0.069976 96.629036 0.136686 -0.059625 0.988818 -0.064038 0.000000 0.000000 0.000000 1.000000
0.988013 0.080542 -0.131696 -0.343886 -0.071820 0.994980 0.069695 96.629921 0.136648 -0.059401 0.988837 -0.056603 0.000000 0.000000 0.000000 1.000000
0.988053 0.080027 -0.131707 -0.349000 -0.071342 0.995035 0.069398 96.631676 0.136606 -0.059172 0.988857 -0.046520 0.000000 0.000000 0.000000 1.000000
0.988098 0.079437 -0.131724 -0.354016 -0.070788 0.995096 0.069092 96.634193 0.136567 -0.058945 0.988876 -0.034060 0.000000 0.000000 0.000000 1.000000
0.988147 0.078780 -0.131753 -0.359080 -0.070167 0.995161 0.068784 96.637344 0.136534 -0.058724 0.988893 -0.019493 0.000000 0.000000 0.000000 1.000000
0.988198 0.078065 -0.131797 -0.364335 -0.069487 0.995229 0.068483 96.641022 0.136514 -0.058516 0.988908 -0.003088 0.000000 0.000000 0.000000 1.000000
0.988250 0.077302 -0.131860 -0.369924 -0.068755 0.995300 0.068194 96.645096 0.136512 -0.058326 0.988920 0.014883 0.000000 0.000000 0.000000 1.000000
0.988300 0.076500 -0.131948 -0.375993 -0.067979 0.995372 0.067925 96.649460 0.136534 -0.058160 0.988927 0.034152 0.000000 0.000000 0.000000 1.000000
0.988349 0.075668 -0.132065 -0.382685 -0.067167 0.995443 0.067683 96.653992 0.136585 -0.058024 0.988928 0.054448 0.000000 0.000000 0.000000 1.000000
0.988394 0.074814 -0.132215 -0.390144 -0.066327 0.995514 0.067475 96.658569 0.136670 -0.057922 0.988922 0.075501 0.000000 0.000000 0.000000 1.000000
0.988434 0.073949 -0.132402 -0.398514 -0.065468 0.995582 0.067308 96.663078 0.136794 -0.057861 0.988908 0.097041 0.000000 0.000000 0.000000 1.000000
0.988468 0.073080 -0.132631 -0.407939 -0.064596 0.995647 0.067189 96.667397 0.136964 -0.057847 0.988885 0.118799 0.000000 0.000000 0.000000 1.000000
0.988494 0.072218 -0.132908 -0.418563 -0.063720 0.995708 0.067126 96.671417 0.137185 -0.057884 0.988853 0.140503 0.000000 0.000000 0.000000 1.000000
0.988508 0.071345 -0.133273 -0.430669 -0.062815 0.995764 0.067151 96.675209 0.137499 -0.058008 0.988802 0.162964 0.000000 0.000000 0.000000 1.000000
0.988504 0.070408 -0.133799 -0.444604 -0.061817 0.995815 0.067316 96.679161 0.137979 -0.058271 0.988720 0.188325 0.000000 0.000000 0.000000 1.000000
0.988486 0.069416 -0.134448 -0.460269 -0.060740 0.995863 0.067590 96.683250 0.138583 -0.058645 0.988613 0.216008 0.000000 0.000000 0.000000 1.000000
0.988460 0.068381 -0.135173 -0.477544 -0.059605 0.995907 0.067939 96.687431 0.139266 -0.059098 0.988490 0.245307 0.000000 0.000000 0.000000 1.000000
0.988429 0.067315 -0.135932 -0.496309 -0.058431 0.995950 0.068328 96.691643 0.139981 -0.059595 0.988359 0.275519 0.000000 0.000000 0.000000 1.000000
0.988399 0.066231 -0.136680 -0.516446 -0.057236 0.995992 0.068725 96.695854 0.140684 -0.060104 0.988228 0.305939 0.000000 0.000000 0.000000 1.000000
0.988375 0.065140 -0.137372 -0.537835 -0.056041 0.996035 0.069095 96.700005 0.141328 -0.060593 0.988107 0.335863 0.000000 0.000000 0.000000 1.000000
0.988364 0.064052 -0.137963 -0.560357 -0.054864 0.996079 0.069405 96.704048 0.141868 -0.061029 0.988003 0.364586 0.000000 0.000000 0.000000 1.000000
0.988371 0.062981 -0.138409 -0.583894 -0.053725 0.996126 0.069623 96.707947 0.142257 -0.061378 0.987925 0.391404 0.000000 0.000000 0.000000 1.000000
0.988411 0.061884 -0.138613 -0.610023 -0.052588 0.996177 0.069759 96.711563 0.142400 -0.061661 0.987887 0.416024 0.000000 0.000000 0.000000 1.000000
0.988487 0.060735 -0.138578 -0.639616 -0.051419 0.996232 0.069849 96.714890 0.142298 -0.061919 0.987885 0.439011 0.000000 0.000000 0.000000 1.000000
0.988582 0.059562 -0.138410 -0.671491 -0.050240 0.996288 0.069899 96.718071 0.142059 -0.062147 0.987905 0.460950 0.000000 0.000000 0.000000 1.000000
0.988680 0.058393 -0.138211 -0.704466 -0.049072 0.996345 0.069915 96.721237 0.141789 -0.062342 0.987932 0.482427 0.000000 0.000000 0.000000 1.000000
0.988764 0.057258 -0.138086 -0.737360 -0.047938 0.996401 0.069904 96.724525 0.141591 -0.062499 0.987950 0.504026 0.000000 0.000000 0.000000 1.000000
0.988818 0.056186 -0.138138 -0.768991 -0.046859 0.996455 0.069869 96.728073 0.141574 -0.062615 0.987945 0.526332 0.000000 0.000000 0.000000 1.000000
0.988827 0.055205 -0.138471 -0.798178 -0.045857 0.996505 0.069816 96.732018 0.141842 -0.062686 0.987903 0.549931 0.000000 0.000000 0.000000 1.000000
0.988763 0.054346 -0.139260 -0.823765 -0.044953 0.996552 0.069733 96.736656 0.142570 -0.062690 0.987797 0.575728 0.000000 0.000000 0.000000 1.000000
0.988580 0.053625 -0.140834 -0.845507 -0.044152 0.996601 0.069550 96.742752 0.144085 -0.062538 0.987587 0.605205 0.000000 0.000000 0.000000 1.000000
0.988318 0.053044 -0.142875 -0.864256 -0.043472 0.996648 0.069302 96.749573 0.146072 -0.062281 0.987312 0.636633 0.000000 0.000000 0.000000 1.000000
0.988036 0.052605 -0.144972 -0.880925 -0.042935 0.996689 0.069043 96.756218 0.148124 -0.061992 0.987024 0.667852 0.000000 0.000000 0.000000 1.000000
0.987795 0.052310 -0.146715 -0.896427 -0.042560 0.996720 0.068828 96.761749 0.149834 -0.061744 0.986781 0.696699 0.000000 0.000000 0.000000 1.000000
0.987641 0.052132 -0.147806 -0.911288 -0.042326 0.996737 0.068728 96.765808 0.150906 -0.061622 0.986626 0.722253 0.000000 0.000000 0.000000 1.000000
0.987529 0.051949 -0.148618 -0.924119 -0.042079 0.996742 0.068809 96.770523 0.151708 -0.061697 0.986498 0.749115 0.000000 0.000000 0.000000 1.000000
0.987451 0.051886 -0.149159 -0.935474 -0.041958 0.996737 0.068951 96.774582 0.152250 -0.061827 0.986406 0.774629 0.000000 0.000000 0.000000 1.000000
0.987412 0.052100 -0.149344 -0.946293 -0.042153 0.996725 0.069013 96.776108 0.152451 -0.061849 0.986374 0.794820 0.000000 0.000000 0.000000 1.000000
0.987416 0.052752 -0.149085 -0.957519 -0.042853 0.996706 0.068854 96.773209 0.152226 -0.061599 0.986424 0.805715 0.000000 0.000000 0.000000 1.000000
0.987463 0.053930 -0.148350 -0.969862 -0.044160 0.996681 0.068381 96.764786 0.151545 -0.060973 0.986568 0.804995 0.000000 0.000000 0.000000 1.000000
0.987526 0.055291 -0.147427 -0.982527 -0.045679 0.996652 0.067804 96.754501 0.150682 -0.060224 0.986746 0.800235 0.000000 0.000000 0.000000 1.000000
0.987598 0.056754 -0.146388 -0.995300 -0.047316 0.996619 0.067174 96.743217 0.149705 -0.059414 0.986944 0.793260 0.000000 0.000000 0.000000 1.000000
0.987675 0.058306 -0.145252 -1.008156 -0.049052 0.996580 0.066497 96.731079 0.148633 -0.058553 0.987157 0.784417 0.000000 0.000000 0.000000 1.000000
0.987755 0.059931 -0.144041 -1.021072 -0.050871 0.996537 0.065781 96.718231 0.147485 -0.057648 0.987383 0.774054 0.000000 0.000000 0.000000 1.000000
0.987836 0.061614 -0.142775 -1.034023 -0.052754 0.996488 0.065033 96.704826 0.146280 -0.056710 0.987616 0.762521 0.000000 0.000000 0.000000 1.000000
0.987914 0.063340 -0.141474 -1.046984 -0.054684 0.996434 0.064261 96.691025 0.145039 -0.055748 0.987854 0.750166 0.000000 0.000000 0.000000 1.000000
0.987987 0.065094 -0.140157 -1.059932 -0.056642 0.996375 0.063471 96.676956 0.143781 -0.054770 0.988093 0.737337 0.000000 0.000000 0.000000 1.000000
0.988054 0.066861 -0.138846 -1.072841 -0.058612 0.996312 0.062673 96.662773 0.142524 -0.053786 0.988329 0.724383 0.000000 0.000000 0.000000 1.000000
0.988113 0.068624 -0.137559 -1.085688 -0.060575 0.996244 0.061874 96.648636 0.141289 -0.052806 0.988559 0.711652 0.000000 0.000000 0.000000 1.000000
0.988163 0.070370 -0.136317 -1.098448 -0.062514 0.996173 0.061083 96.634682 0.140094 -0.051838 0.988780 0.699492 0.000000 0.000000 0.000000 1.000000
0.988201 0.072082 -0.135140 -1.111097 -0.064410 0.996099 0.060309 96.621063 0.138960 -0.050893 0.988989 0.688253 0.000000 0.000000 0.000000 1.000000
0.988228 0.073744 -0.134046 -1.123610 -0.066247 0.996024 0.059560 96.607925 0.137905 -0.049979 0.989184 0.678282 0.000000 0.000000 0.000000 1.000000
0.988241 0.075340 -0.133055 -1.135963 -0.068005 0.995948 0.058846 96.595428 0.136949 -0.049105 0.989360 0.669928 0.000000 0.000000 0.000000 1.000000
0.988186 0.076686 -0.132697 -1.147681 -0.069470 0.995885 0.058190 96.584908 0.136613 -0.048284 0.989447 0.672855 0.000000 0.000000 0.000000 1.000000
0.988018 0.077548 -0.133444 -1.157138 -0.070354 0.995845 0.057819 96.578529 0.137373 -0.047738 0.989368 0.691207 0.000000 0.000000 0.000000 1.000000
0.987901 0.078267 -0.133890 -1.163442 -0.071023 0.995783 0.058063 96.574738 0.137870 -0.047851 0.989294 0.691115 0.000000 0.000000 0.000000 1.000000
0.987825 0.078990 -0.134025 -1.169052 -0.071669 0.995706 0.058599 96.571785 0.138078 -0.048280 0.989244 0.679050 0.000000 0.000000 0.000000 1.000000
0.987750 0.079698 -0.134156 -1.174927 -0.072292 0.995624 0.059211 96.569252 0.138288 -0.048787 0.989190 0.665430 0.000000 0.000000 0.000000 1.000000
0.987678 0.080394 -0.134275 -1.180751 -0.072892 0.995540 0.059883 96.567009 0.138490 -0.049357 0.989133 0.650359 0.000000 0.000000 0.000000 1.000000
0.987609 0.081075 -0.134371 -1.186207 -0.073474 0.995454 0.060599 96.564957 0.138673 -0.049976 0.989076 0.633944 0.000000 0.000000 0.000000 1.000000
0.987545 0.081743 -0.134435 -1.190977 -0.074040 0.995367 0.061346 96.562981 0.138827 -0.050628 0.989022 0.616288 0.000000 0.000000 0.000000 1.000000
0.987488 0.082397 -0.134458 -1.194745 -0.074591 0.995278 0.062106 96.560974 0.138941 -0.051299 0.988971 0.597497 0.000000 0.000000 0.000000 1.000000
0.987438 0.083038 -0.134431 -1.197192 -0.075131 0.995190 0.062865 96.558838 0.139004 -0.051975 0.988927 0.577675 0.000000 0.000000 0.000000 1.000000
0.987397 0.083664 -0.134343 -1.198002 -0.075663 0.995103 0.063608 96.556458 0.139007 -0.052641 0.988891 0.556927 0.000000 0.000000 0.000000 1.000000
0.987385 0.084250 -0.134060 -1.194281 -0.076160 0.995015 0.064377 96.553268 0.138815 -0.053355 0.988880 0.532461 0.000000 0.000000 0.000000 1.000000
0.987478 0.084664 -0.133110 -1.174999 -0.076499 0.994928 0.065310 96.548157 0.137965 -0.054310 0.988947 0.493017 0.000000 0.000000 0.000000 1.000000
0.987584 0.084968 -0.132129 -1.149397 -0.076772 0.994866 0.065943 96.544777 0.137053 -0.054980 0.989037 0.451174 0.000000 0.000000 0.000000 1.000000
0.987658 0.085195 -0.131425 -1.121109 -0.077041 0.994845 0.065941 96.545731 0.136366 -0.055002 0.989131 0.412613 0.000000 0.000000 0.000000 1.000000
0.987724 0.085335 -0.130837 -1.089566 -0.077258 0.994849 0.065619 96.548569 0.135763 -0.054705 0.989230 0.375041 0.000000 0.000000 0.000000 1.000000
0.987768 0.085397 -0.130470 -1.059777 -0.077381 0.994859 0.065329 96.550560 0.135378 -0.054434 0.989298 0.342574 0.000000 0.000000 0.000000 1.000000
0.987786 0.085361 -0.130356 -1.030573 -0.077399 0.994880 0.064983 96.552322 0.135235 -0.054100 0.989335 0.315370 0.000000 0.000000 0.000000 1.000000
0.987810 0.085347 -0.130181 -1.004350 -0.077420 0.994891 0.064794 96.552635 0.135046 -0.053925 0.989371 0.288306 0.000000 0.000000 0.000000 1.000000
0.987855 0.085424 -0.129792 -0.982935 -0.077502 0.994877 0.064914 96.550346 0.134672 -0.054067 0.989414 0.258967 0.000000 0.000000 0.000000 1.000000
0.987911 0.085537 -0.129289 -0.964755 -0.077602 0.994849 0.065219 96.546638 0.134202 -0.054397 0.989460 0.228950 0.000000 0.000000 0.000000 1.000000
0.987989 0.085643 -0.128620 -0.949449 -0.077685 0.994813 0.065668 96.543045 0.133577 -0.054887 0.989517 0.198191 0.000000 0.000000 0.000000 1.000000
0.988085 0.085771 -0.127797 -0.939476 -0.077777 0.994765 0.066286 96.538902 0.132814 -0.055557 0.989583 0.168209 0.000000 0.000000 0.000000 1.000000
0.988137 0.085951 -0.127273 -0.931276 -0.077933 0.994725 0.066701 96.534309 0.132335 -0.055991 0.989622 0.143713 0.000000 0.000000 0.000000 1.000000
0.988120 0.086155 -0.127268 -0.924759 -0.078123 0.994702 0.066815 96.531250 0.132350 -0.056078 0.989615 0.125936 0.000000 0.000000 0.000000 1.000000
0.988081 0.086367 -0.127423 -0.918595 -0.078321 0.994683 0.066867 96.528648 0.132521 -0.056090 0.989592 0.110263 0.000000 0.000000 0.000000 1.000000
0.988026 0.086580 -0.127708 -0.911504 -0.078496 0.994658 0.067043 96.526581 0.132830 -0.056215 0.989543 0.096162 0.000000 0.000000 0.000000 1.000000
0.987937 0.086832 -0.128223 -0.902705 -0.078669 0.994619 0.067415 96.524742 0.133387 -0.056514 0.989451 0.084673 0.000000 0.000000 0.000000 1.000000
0.987838 0.087165 -0.128755 -0.892515 -0.078911 0.994568 0.067881 96.521286 0.133972 -0.056896 0.989350 0.072288 0.000000 0.000000 0.000000 1.000000
0.987755 0.087494 -0.129166 -0.882569 -0.079181 0.994527 0.068159 96.515800 0.134423 -0.057097 0.989278 0.054475 0.000000 0.000000 0.000000 1.000000
0.987680 0.087819 -0.129524 -0.872509 -0.079456 0.994490 0.068389 96.509857 0.134816 -0.057255 0.989215 0.034781 0.000000 0.000000 0.000000 1.000000
0.987627 0.088119 -0.129726 -0.862312 -0.079707 0.994450 0.068671 96.504623 0.135057 -0.057481 0.989169 0.011700 0.000000 0.000000 0.000000 1.000000
0.987617 0.088296 -0.129678 -0.847664 -0.079887 0.994435 0.068688 96.500267 0.135021 -0.057478 0.989174 -0.014882 0.000000 0.000000 0.000000 1.000000
0.987607 0.088434 -0.129659 -0.830277 -0.080067 0.994440 0.068392 96.495537 0.134986 -0.057163 0.989197 -0.039421 0.000000 0.000000 0.000000 1.000000
0.987592 0.088599 -0.129664 -0.813622 -0.080275 0.994445 0.068076 96.490547 0.134975 -0.056823 0.989218 -0.063808 0.000000 0.000000 0.000000 1.000000
0.987579 0.088746 -0.129658 -0.796297 -0.080472 0.994453 0.067727 96.485626 0.134950 -0.056452 0.989243 -0.088097 0.000000 0.000000 0.000000 1.000000
0.987578 0.088834 -0.129607 -0.776900 -0.080618 0.994469 0.067327 96.481110 0.134871 -0.056042 0.989277 -0.112344 0.000000 0.000000 0.000000 1.000000
0.987597 0.088819 -0.129474 -0.754028 -0.080674 0.994495 0.066861 96.477318 0.134699 -0.055587 0.989326 -0.136603 0.000000 0.000000 0.000000 1.000000
0.987644 0.088658 -0.129224 -0.726282 -0.080601 0.994538 0.066314 96.474594 0.134397 -0.055079 0.989396 -0.160928 0.000000 0.000000 0.000000 1.000000
0.987720 0.088348 -0.128853 -0.693497 -0.080397 0.994598 0.065664 96.472961 0.133958 -0.054498 0.989487 -0.185500 0.000000 0.000000 0.000000 1.000000
0.987817 0.087931 -0.128394 -0.657043 -0.080102 0.994670 0.064921 96.472099 0.133418 -0.053846 0.989596 -0.210346 0.000000 0.000000 0.000000 1.000000
0.987930 0.087432 -0.127868 -0.617812 -0.079737 0.994752 0.064118 96.471825 0.132803 -0.053149 0.989716 -0.235285 0.000000 0.000000 0.000000 1.000000
0.988052 0.086879 -0.127298 -0.576695 -0.079322 0.994838 0.063287 96.471939 0.132139 -0.052433 0.989843 -0.260141 0.000000 0.000000 0.000000 1.000000
0.988180 0.086296 -0.126705 -0.534586 -0.078877 0.994926 0.062459 96.472252 0.131452 -0.051727 0.989972 -0.284733 0.000000 0.000000 0.000000 1.000000
0.988306 0.085710 -0.126113 -0.492376 -0.078423 0.995011 0.061667 96.472588 0.130769 -0.051056 0.990097 -0.308886 0.000000 0.000000 0.000000 1.000000
0.988428 0.085146 -0.125543 -0.450958 -0.077980 0.995091 0.060941 96.472740 0.130115 -0.050446 0.990215 -0.332419 0.000000 0.000000 0.000000 1.000000
0.988540 0.084592 -0.125030 -0.409595 -0.077506 0.995155 0.060494 96.472687 0.129542 -0.050110 0.990307 -0.351949 0.000000 0.000000 0.000000 1.000000
0.988663 0.083964 -0.124479 -0.369177 -0.076840 0.995177 0.060976 96.472763 0.128999 -0.050720 0.990347 -0.363451 0.000000 0.000000 0.000000 1.000000
0.988798 0.083396 -0.123785 -0.334354 -0.076199 0.995176 0.061792 96.472198 0.128341 -0.051667 0.990383 -0.377829 0.000000 0.000000 0.000000 1.000000
0.988939 0.082761 -0.123090 -0.300957 -0.075474 0.995172 0.062741 96.472458 0.127688 -0.052757 0.990410 -0.392732 0.000000 0.000000 0.000000 1.000000
0.989085 0.081932 -0.122463 -0.268053 -0.074540 0.995177 0.063775 96.475342 0.127097 -0.053950 0.990422 -0.409025 0.000000 0.000000 0.000000 1.000000
0.989237 0.080960 -0.121882 -0.235939 -0.073451 0.995185 0.064898 96.480080 0.126549 -0.055247 0.990421 -0.426151 0.000000 0.000000 0.000000 1.000000
0.989379 0.079952 -0.121396 -0.203651 -0.072343 0.995203 0.065853 96.484009 0.126079 -0.056372 0.990417 -0.439484 0.000000 0.000000 0.000000 1.000000
0.989504 0.078972 -0.121019 -0.169457 -0.071278 0.995228 0.066644 96.486038 0.125705 -0.057318 0.990411 -0.448205 0.000000 0.000000 0.000000 1.000000
0.989629 0.077858 -0.120720 -0.137959 -0.070102 0.995272 0.067224 96.488808 0.125383 -0.058064 0.990408 -0.453891 0.000000 0.000000 0.000000 1.000000
0.989767 0.076493 -0.120457 -0.111818 -0.068702 0.995347 0.067560 96.494141 0.125065 -0.058593 0.990417 -0.458307 0.000000 0.000000 0.000000 1.000000
0.989911 0.075023 -0.120197 -0.085533 -0.067205 0.995431 0.067831 96.500160 0.124737 -0.059069 0.990430 -0.463216 0.000000 0.000000 0.000000 1.000000
0.990056 0.073502 -0.119945 -0.059765 -0.065662 0.995518 0.068057 96.506577 0.124410 -0.059505 0.990445 -0.467963 0.000000 0.000000 0.000000 1.000000
0.990197 0.071975 -0.119710 -0.035537 -0.064118 0.995606 0.068249 96.513199 0.124096 -0.059904 0.990460 -0.471800 0.000000 0.000000 0.000000 1.000000
0.990329 0.070490 -0.119497 -0.013873 -0.062616 0.995690 0.068417 96.519829 0.123805 -0.060273 0.990474 -0.473979 0.000000 0.000000 0.000000 1.000000
0.990449 0.069092 -0.119315 0.004207 -0.061203 0.995767 0.068573 96.526276 0.123548 -0.060616 0.990486 -0.473753 0.000000 0.000000 0.000000 1.000000
0.990558 0.067801 -0.119157 0.018582 -0.059894 0.995835 0.068738 96.532509 0.123321 -0.060952 0.990493 -0.470806 0.000000 0.000000 0.000000 1.000000
0.990667 0.066523 -0.118965 0.032386 -0.058594 0.995898 0.068952 96.539185 0.123064 -0.061338 0.990501 -0.466540 0.000000 0.000000 0.000000 1.000000
0.990767 0.065324 -0.118802 0.042253 -0.057375 0.995955 0.069149 96.545853 0.122838 -0.061695 0.990507 -0.459516 0.000000 0.000000 0.000000 1.000000
0.990841 0.064298 -0.118743 0.043778 -0.056334 0.996008 0.069248 96.551880 0.122721 -0.061925 0.990507 -0.447819 0.000000 0.000000 0.000000 1.000000
0.990875 0.063538 -0.118865 0.032550 -0.055573 0.996056 0.069166 96.556625 0.122791 -0.061930 0.990498 -0.429529 0.000000 0.000000 0.000000 1.000000
0.990863 0.063085 -0.119211 0.006384 -0.055134 0.996102 0.068860 96.559761 0.123090 -0.061659 0.990478 -0.403706 0.000000 0.000000 0.000000 1.000000
0.990840 0.062680 -0.119613 -0.024064 -0.054745 0.996147 0.068507 96.562683 0.123446 -0.061331 0.990454 -0.375097 0.000000 0.000000 0.000000 1.000000
0.990814 0.062277 -0.120038 -0.056539 -0.054360 0.996194 0.068139 96.565636 0.123824 -0.060988 0.990428 -0.344853 0.000000 0.000000 0.000000 1.000000
0.990785 0.061882 -0.120483 -0.090814 -0.053983 0.996240 0.067758 96.568573 0.124223 -0.060629 0.990400 -0.313239 0.000000 0.000000 0.000000 1.000000
0.990752 0.061500 -0.120948 -0.126661 -0.053620 0.996287 0.067361 96.571472 0.124642 -0.060253 0.990371 -0.280521 0.000000 0.000000 0.000000 1.000000
0.990715 0.061136 -0.121430 -0.163854 -0.053277 0.996333 0.066949 96.574295 0.125078 -0.059858 0.990340 -0.246966 0.000000 0.000000 0.000000 1.000000
0.990675 0.060796 -0.121928 -0.202166 -0.052959 0.996379 0.066520 96.577003 0.125531 -0.059443 0.990307 -0.212840 0.000000 0.000000 0.000000 1.000000
0.990631 0.060486 -0.122439 -0.241370 -0.052673 0.996423 0.066075 96.579552 0.125998 -0.059007 0.990274 -0.178407 0.000000 0.000000 0.000000 1.000000
0.990583 0.060209 -0.122963 -0.281238 -0.052422 0.996467 0.065612 96.581924 0.126479 -0.058549 0.990240 -0.143935 0.000000 0.000000 0.000000 1.000000
0.990531 0.059972 -0.123496 -0.321545 -0.052214 0.996510 0.065132 96.584076 0.126971 -0.058067 0.990205 -0.109689 0.000000 0.000000 0.000000 1.000000
0.990475 0.059780 -0.124038 -0.362062 -0.052053 0.996551 0.064633 96.585968 0.127474 -0.057561 0.990170 -0.075936 0.000000 0.000000 0.000000 1.000000
0.990415 0.059639 -0.124587 -0.402563 -0.051945 0.996590 0.064116 96.587578 0.127986 -0.057029 0.990135 -0.042941 0.000000 0.000000 0.000000 1.000000
0.990350 0.059552 -0.125141 -0.442821 -0.051896 0.996627 0.063579 96.588852 0.128506 -0.056471 0.990100 -0.010970 0.000000 0.000000 0.000000 1.000000
0.990281 0.059527 -0.125699 -0.482610 -0.051911 0.996661 0.063022 96.589775 0.129031 -0.055884 0.990065 0.019711 0.000000 0.000000 0.000000 1.000000
0.990207 0.059567 -0.126258 -0.521701 -0.051995 0.996693 0.062444 96.590286 0.129560 -0.055268 0.990030 0.048836 0.000000 0.000000 0.000000 1.000000
0.990129 0.059679 -0.126818 -0.559868 -0.052155 0.996722 0.061846 96.590378 0.130093 -0.054621 0.989996 0.076138 0.000000 0.000000 0.000000 1.000000
0.990039 0.059931 -0.127404 -0.596782 -0.052462 0.996746 0.061193 96.589661 0.130657 -0.053899 0.989961 0.100453 0.000000 0.000000 0.000000 1.000000
0.989806 0.061480 -0.128470 -0.630664 -0.054134 0.996735 0.059914 96.581825 0.131734 -0.052348 0.989902 0.105183 0.000000 0.000000 0.000000 1.000000
0.989489 0.064007 -0.129669 -0.662824 -0.056834 0.996681 0.058288 96.568306 0.132969 -0.050306 0.989843 0.094009 0.000000 0.000000 0.000000 1.000000
0.989236 0.066533 -0.130325 -0.695750 -0.059525 0.996601 0.056952 96.554108 0.133672 -0.048581 0.989834 0.079957 0.000000 0.000000 0.000000 1.000000
0.989170 0.068279 -0.129926 -0.731520 -0.061380 0.996520 0.056390 96.543251 0.133324 -0.047805 0.989919 0.073573 0.000000 0.000000 0.000000 1.000000
0.989171 0.069817 -0.129097 -0.769020 -0.063002 0.996433 0.056145 96.533081 0.132556 -0.047403 0.990041 0.068300 0.000000 0.000000 0.000000 1.000000
0.989204 0.071297 -0.128034 -0.807416 -0.064556 0.996338 0.056054 96.522942 0.131561 -0.047184 0.990184 0.062654 0.000000 0.000000 0.000000 1.000000
0.989261 0.072718 -0.126790 -0.846160 -0.066045 0.996240 0.056069 96.512939 0.130390 -0.047093 0.990344 0.057102 0.000000 0.000000 0.000000 1.000000
0.989335 0.074075 -0.125418 -0.884701 -0.067468 0.996141 0.056141 96.503189 0.129093 -0.047081 0.990514 0.052113 0.000000 0.000000 0.000000 1.000000
0.989419 0.075365 -0.123973 -0.922491 -0.068826 0.996043 0.056220 96.493805 0.127719 -0.047093 0.990692 0.048155 0.000000 0.000000 0.000000 1.000000
0.989508 0.076586 -0.122508 -0.958980 -0.070120 0.995951 0.056257 96.484886 0.126321 -0.047077 0.990872 0.045697 0.000000 0.000000 0.000000 1.000000
0.989594 0.077735 -0.121078 -0.993618 -0.071351 0.995866 0.056205 96.476547 0.124947 -0.046981 0.991050 0.045207 0.000000 0.000000 0.000000 1.000000
0.989772 0.078315 -0.119243 -1.022120 -0.072067 0.995835 0.055846 96.471733 0.123120 -0.046681 0.991293 0.057748 0.000000 0.000000 0.000000 1.000000
0.990013 0.078436 -0.117145 -1.041656 -0.072331 0.995836 0.055491 96.469772 0.121010 -0.046463 0.991563 0.077549 0.000000 0.000000 0.000000 1.000000
0.990164 0.078879 -0.115554 -1.054500 -0.072821 0.995786 0.055746 96.466072 0.119464 -0.046783 0.991736 0.083916 0.000000 0.000000 0.000000 1.000000
0.990288 0.079462 -0.114087 -1.065465 -0.073419 0.995715 0.056230 96.461487 0.118066 -0.047308 0.991878 0.085867 0.000000 0.000000 0.000000 1.000000
