<?xml version="1.0" encoding="utf-8"?>
<COLLADA xmlns="http://www.collada.org/2005/11/COLLADASchema" version="1.4.1">
  <asset><contributor><author>Mixamo</author><authoring_tool>COLLADA Mixamo exporter</authoring_tool><comments></comments></contributor><created>2017-07-22T16:52:23Z</created><modified>2017-07-22T16:52:23Z</modified><revision></revision><title></title><unit meter="0.010000"/><up_axis>Y_UP</up_axis></asset>
  <library_animations>
    <animation id="mixamorig_Hips-anim" name="mixamorig_Hips"><source id="mixamorig_Hips-Matrix-animation-input"><float_array id="mixamorig_Hips-Matrix-animation-input-array" count="29">

0.000000 0.033333 0.066667 0.100000 0.133333 0.166667 0.200000 0.233333 0.266667 0.300000 0.333333 0.366667 0.400000 0.433333 0.466667 0.500000
0.533333 0.566667 0.600000 0.633333 0.666667 0.700000 0.733333 0.766667 0.800000 0.833333 0.866667 0.900000 0.933333</float_array><technique_common><accessor source="#mixamorig_Hips-Matrix-animation-input-array" count="29"><param name="TIME" type="float"/></accessor></technique_common></source><source id="mixamorig_Hips-Matrix-animation-output-transform"><float_array id="mixamorig_Hips-Matrix-animation-output-transform-array" count="464">

0.838480 0.023754 -0.544414 -1.386916 -0.086307 0.992228 -0.089633 90.542313 0.538054 0.122142 0.834014 1.135352 0.000000 0.000000 0.000000 1.000000
0.842862 0.023144 -0.537632 -1.454980 -0.087195 0.991746 -0.094006 90.650314 0.531019 0.126112 0.837923 1.002897 0.000000 0.000000 0.000000 1.000000
0.847110 0.022178 -0.530954 -1.512928 -0.087922 0.991208 -0.098873 90.605164 0.524093 0.130438 0.841613 0.834527 0.000000 0.000000 0.000000 1.000000
0.851200 0.019007 -0.524497 -1.515209 -0.087737 0.990435 -0.106496 89.666847 0.517456 0.136667 0.844726 0.454323 0.000000 0.000000 0.000000 1.000000
0.856782 0.015727 -0.515439 -1.511259 -0.087267 0.989540 -0.114866 88.360336 0.508241 0.143396 0.849193 -0.025222 0.000000 0.000000 0.000000 1.000000
0.862944 0.012511 -0.505145 -1.504696 -0.086650 0.988549 -0.123541 86.891563 0.497815 0.150380 0.854147 -0.548640 0.000000 0.000000 0.000000 1.000000
0.868412 0.008942 -0.495762 -1.486126 -0.085873 0.987441 -0.132610 85.328636 0.488350 0.157732 0.858274 -1.089975 0.000000 0.000000 0.000000 1.000000
0.872005 0.004542 -0.489475 -1.446154 -0.084941 0.986191 -0.142172 83.739677 0.482070 0.165552 0.860349 -1.623272 0.000000 0.000000 0.000000 1.000000
0.872578 -0.001247 -0.488473 -1.375388 -0.083875 0.984762 -0.152343 82.192780 0.481219 0.173902 0.859178 -2.122576 0.000000 0.000000 0.000000 1.000000
0.865740 -0.011186 -0.500368 -1.232358 -0.082174 0.983006 -0.164155 80.766273 0.493701 0.183233 0.850109 -2.535832 0.000000 0.000000 0.000000 1.000000
0.807385 -0.047230 -0.588131 -0.603554 -0.078379 0.979372 -0.186247 79.727715 0.584796 0.196471 0.787028 -2.490911 0.000000 0.000000 0.000000 1.000000
0.724935 -0.076761 -0.684526 0.205043 -0.085304 0.976117 -0.199799 79.176254 0.683514 0.203234 0.701073 -2.189859 0.000000 0.000000 0.000000 1.000000
0.629643 -0.098217 -0.770651 1.120226 -0.099755 0.973543 -0.205577 78.966080 0.770454 0.206317 0.603187 -1.692285 0.000000 0.000000 0.000000 1.000000
0.545783 -0.106658 -0.831111 1.921043 -0.120800 0.971489 -0.204001 78.937836 0.829173 0.211739 0.517338 -1.212526 0.000000 0.000000 0.000000 1.000000
0.492117 -0.100423 -0.864717 2.426915 -0.147620 0.969311 -0.196582 78.982399 0.857921 0.224391 0.462190 -0.877034 0.000000 0.000000 0.000000 1.000000
0.472083 -0.081611 -0.877768 2.544183 -0.178298 0.966288 -0.185733 79.065506 0.863335 0.244186 0.441618 -0.665828 0.000000 0.000000 0.000000 1.000000
0.463299 -0.064435 -0.883856 2.358942 -0.198406 0.964495 -0.174314 79.274849 0.863707 0.256122 0.434065 -0.276690 0.000000 0.000000 0.000000 1.000000
0.446716 -0.061286 -0.892574 1.976020 -0.197183 0.966375 -0.165040 79.750267 0.872676 0.249727 0.419611 0.367836 0.000000 0.000000 0.000000 1.000000
0.433018 -0.067621 -0.898845 1.461633 -0.178022 0.971125 -0.158821 80.538826 0.883631 0.228786 0.408477 1.061798 0.000000 0.000000 0.000000 1.000000
0.438639 -0.073670 -0.895639 0.889068 -0.151857 0.976226 -0.154671 81.610176 0.885740 0.203853 0.417023 1.578855 0.000000 0.000000 0.000000 1.000000
0.479126 -0.070352 -0.874922 0.337966 -0.128364 0.980450 -0.149133 82.860474 0.868310 0.183762 0.460728 1.752656 0.000000 0.000000 0.000000 1.000000
0.539615 -0.061193 -0.839685 -0.134313 -0.112869 0.983094 -0.144178 84.116234 0.834312 0.172575 0.523585 1.623851 0.000000 0.000000 0.000000 1.000000
0.595713 -0.056734 -0.801191 -0.525307 -0.100857 0.984323 -0.144692 85.256340 0.796840 0.167001 0.580652 1.379280 0.000000 0.000000 0.000000 1.000000
0.644155 -0.055982 -0.762843 -0.821858 -0.092026 0.984402 -0.149949 86.270935 0.759339 0.166792 0.628956 1.119151 0.000000 0.000000 0.000000 1.000000
0.691422 -0.051064 -0.720644 -0.973854 -0.088847 0.983917 -0.154964 87.112633 0.716967 0.171173 0.675765 0.871974 0.000000 0.000000 0.000000 1.000000
0.744883 -0.036722 -0.666184 -0.996962 -0.091242 0.983497 -0.156233 87.810966 0.660927 0.177160 0.729239 0.607046 0.000000 0.000000 0.000000 1.000000
0.791888 -0.020488 -0.610322 -0.992663 -0.094494 0.983288 -0.155613 88.459091 0.603310 0.180900 0.776718 0.353004 0.000000 0.000000 0.000000 1.000000
0.819836 -0.004953 -0.572577 -0.999491 -0.098211 0.983928 -0.149132 89.042877 0.564113 0.178497 0.806173 0.137428 0.000000 0.000000 0.000000 1.000000
0.832974 0.008124 -0.553252 -1.036105 -0.101024 0.985318 -0.137632 89.534340 0.544011 0.170536 0.821565 0.134911 0.000000 0.000000 0.000000 1.000000</float_array><technique_common><accessor source="#mixamorig_Hips-Matrix-animation-output-transform-array" count="29" stride="16"><param type="float4x4"/></accessor></technique_common></source><source id="mixamorig_Hips-Interpolations"><Name_array id="mixamorig_Hips-Interpolations-array" count="29">
 LINEAR LINEAR LINEAR LINEAR LINEAR LINEAR LINEAR LINEAR LINEAR LINEAR LINEAR
LINEAR LINEAR LINEAR LINEAR LINEAR LINEAR LINEAR LINEAR LINEAR LINEAR LINEAR LINEAR
LINEAR LINEAR LINEAR LINEAR LINEAR LINEAR</Name_array><technique_common><accessor source="#mixamorig_Hips-Interpolations-array" count="29"><param type="name"/></accessor></technique_common></source><sampler id="mixamorig_Hips-Matrix-animation-transform"><input semantic="INPUT" source="#mixamorig_Hips-Matrix-animation-input"/><input semantic="OUTPUT" source="#mixamorig_Hips-Matrix-animation-output-transform"/><input semantic="INTERPOLATION" source="#mixamorig_Hips-Interpolations"/></sampler><channel source="#mixamorig_Hips-Matrix-animation-transform" target="mixamorig_Hips/matrix"/></animation>
    <animation id="mixamorig_Spine-anim" name="mixamorig_Spine"><source id="mixamorig_Spine-Matrix-animation-input"><float_array id="mixamorig_Spine-Matrix-animation-input-array" count="29">

0.000000 0.033333 0.066667 0.100000 0.133333 0.166667 0.200000 0.233333 0.266667 0.300000 0.333333 0.366667 0.400000 0.433333 0.466667 0.500000
0.533333 0.566667 0.600000 0.633333 0.666667 0.700000 0.733333 0.766667 0.800000 0.833333 0.866667 0.900000 0.933333</float_array><technique_common><accessor source="#mixamorig_Spine-Matrix-animation-input-array" count="29"><param name="TIME" type="float"/></accessor></technique_common></source><source id="mixamorig_Spine-Matrix-animation-output-transform"><float_array id="mixamorig_Spine-Matrix-animation-output-transform-array" count="464">

0.997329 -0.062867 0.037179 0.000000 0.059071 0.993664 0.095612 9.923500 -0.042954 -0.093161 0.994724 -1.227300 0.000000 0.000000 0.000000 1.000000
0.997556 -0.059868 0.036026 -0.000000 0.056106 0.993636 0.097674 9.923500 -0.041645 -0.095414 0.994566 -1.227300 0.000000 0.000000 0.000000 1.000000
0.997732 -0.057123 0.035594 0.000000 0.053343 0.993620 0.099364 9.923500 -0.041043 -0.097240 0.994414 -1.227300 0.000000 0.000000 0.000000 1.000000
0.997665 -0.055888 0.039261 -0.000000 0.051779 0.993755 0.098840 9.923500 -0.044540 -0.096577 0.994328 -1.227300 0.000000 0.000000 0.000000 1.000000
0.997481 -0.055289 0.044439 -0.000000 0.050757 0.993955 0.097351 9.923500 -0.049552 -0.094850 0.994258 -1.227300 0.000000 0.000000 0.000000 1.000000
0.997222 -0.054951 0.050279 0.000000 0.049972 0.994181 0.095434 9.923500 -0.055231 -0.092656 0.994165 -1.227300 0.000000 0.000000 0.000000 1.000000
0.996895 -0.054727 0.056612 0.000000 0.049293 0.994417 0.093296 9.923500 -0.061402 -0.090216 0.994028 -1.227300 0.000000 0.000000 0.000000 1.000000
0.996509 -0.054479 0.063266 -0.000000 0.048591 0.994652 0.091144 9.923500 -0.067893 -0.087751 0.993826 -1.227300 0.000000 0.000000 0.000000 1.000000
0.996076 -0.054073 0.070068 0.000000 0.047734 0.994871 0.089178 9.923500 -0.074531 -0.085484 0.993548 -1.227300 0.000000 0.000000 0.000000 1.000000
0.995580 -0.053314 0.077316 0.000000 0.046470 0.995056 0.087771 9.923500 -0.081613 -0.083790 0.993136 -1.227300 0.000000 0.000000 0.000000 1.000000
0.994840 -0.051040 0.087684 0.000000 0.043256 0.995137 0.088489 9.923500 -0.091775 -0.084239 0.992210 -1.227300 0.000000 0.000000 0.000000 1.000000
0.994814 -0.047074 0.090159 -0.000000 0.039128 0.995355 0.087960 9.923500 -0.093881 -0.083976 0.992036 -1.227300 0.000000 0.000000 0.000000 1.000000
0.995340 -0.045818 0.084852 -0.000000 0.038338 0.995402 0.087779 9.923500 -0.088483 -0.084117 0.992520 -1.227300 0.000000 0.000000 0.000000 1.000000
0.996223 -0.051076 0.070216 -0.000000 0.044717 0.994998 0.089331 9.923500 -0.074427 -0.085853 0.993524 -1.227300 0.000000 0.000000 0.000000 1.000000
0.997015 -0.062164 0.045801 0.000000 0.057764 0.994100 0.091812 9.923500 -0.051238 -0.088892 0.994722 -1.227300 0.000000 0.000000 0.000000 1.000000
0.997185 -0.073736 0.013631 -0.000000 0.072167 0.993084 0.092606 9.923500 -0.020366 -0.091362 0.995609 -1.227300 0.000000 0.000000 0.000000 1.000000
0.996897 -0.077079 -0.016004 0.000000 0.078209 0.992895 0.089680 9.923500 0.008978 -0.090654 0.995842 -1.227300 0.000000 0.000000 0.000000 1.000000
0.996710 -0.074645 -0.031584 0.000000 0.077145 0.993197 0.087220 9.923500 0.024859 -0.089370 0.995688 -1.227300 0.000000 0.000000 0.000000 1.000000
0.996875 -0.072532 -0.031289 0.000000 0.075043 0.993254 0.088398 9.923500 0.024666 -0.090469 0.995594 -1.227300 0.000000 0.000000 0.000000 1.000000
0.997046 -0.074632 -0.018169 0.000000 0.076020 0.992638 0.094293 9.923500 0.010998 -0.095395 0.995379 -1.227300 0.000000 0.000000 0.000000 1.000000
0.996691 -0.081281 0.001135 0.000000 0.080722 0.991295 0.104012 9.923500 -0.009579 -0.103577 0.994575 -1.227300 0.000000 0.000000 0.000000 1.000000
0.995909 -0.088243 0.019446 -0.000000 0.085465 0.989755 0.114369 9.923500 -0.029339 -0.112239 0.993248 -1.227300 0.000000 0.000000 0.000000 1.000000
0.995282 -0.091165 0.033194 -0.000000 0.086513 0.988795 0.121657 9.923500 -0.043913 -0.118212 0.992017 -1.227300 0.000000 0.000000 0.000000 1.000000
0.995085 -0.089486 0.042402 0.000000 0.083561 0.988589 0.125334 9.923500 -0.053134 -0.121175 0.991208 -1.227300 0.000000 0.000000 0.000000 1.000000
0.995216 -0.085907 0.046534 -0.000000 0.079516 0.988949 0.125128 9.923500 -0.056769 -0.120829 0.991049 -1.227300 0.000000 0.000000 0.000000 1.000000
0.995342 -0.084092 0.047146 -0.000000 0.077781 0.989399 0.122637 9.923500 -0.056959 -0.118398 0.991331 -1.227300 0.000000 0.000000 0.000000 1.000000
0.995494 -0.082648 0.046478 -0.000000 0.076615 0.989901 0.119272 9.923500 -0.055866 -0.115173 0.991773 -1.227300 0.000000 0.000000 0.000000 1.000000
0.995685 -0.081743 0.043923 0.000000 0.076257 0.990475 0.114650 9.923500 -0.052877 -0.110806 0.992434 -1.227300 0.000000 0.000000 0.000000 1.000000
0.995944 -0.080216 0.040764 0.000000 0.075383 0.991206 0.108758 9.923500 -0.049130 -0.105244 0.993232 -1.227300 0.000000 0.000000 0.000000 1.000000</float_array><technique_common><accessor source="#mixamorig_Spine-Matrix-animation-output-transform-array" count="29" stride="16"><param type="float4x4"/></accessor></technique_common></source><source id="mixamorig_Spine-Interpolations"><Name_array id="mixamorig_Spine-Interpolations-array" count="29">
 LINEAR LINEAR LINEAR LINEAR LINEAR LINEAR LINEAR LINEAR LINEAR LINEAR LINEAR
LINEAR LINEAR LINEAR LINEAR LINEAR LINEAR LINEAR LINEAR LINEAR LINEAR LINEAR LINEAR
LINEAR LINEAR LINEAR LINEAR LINEAR LINEAR</Name_array><technique_common><accessor source="#mixamorig_Spine-Interpolations-array" count="29"><param type="name"/></accessor></technique_common></source><sampler id="mixamorig_Spine-Matrix-animation-transform"><input semantic="INPUT" source="#mixamorig_Spine-Matrix-animation-input"/><input semantic="OUTPUT" source="#mixamorig_Spine-Matrix-animation-output-transform"/><input semantic="INTERPOLATION" source="#mixamorig_Spine-Interpolations"/></sampler><channel source="#mixamorig_Spine-Matrix-animation-transform" target="mixamorig_Spine/matrix"/></animation>
    <animation id="mixamorig_Spine1-anim" name="mixamorig_Spine1"><source id="mixamorig_Spine1-Matrix-animation-input"><float_array id="mixamorig_Spine1-Matrix-animation-input-array" count="29">

0.000000 0.033333 0.066667 0.100000 0.133333 0.166667 0.200000 0.233333 0.266667 0.300000 0.333333 0.366667 0.400000 0.433333 0.466667 0.500000
0.533333 0.566667 0.600000 0.633333 0.666667 0.700000 0.733333 0.766667 0.800000 0.833333 0.866667 0.900000 0.933333</float_array><technique_common><accessor source="#mixamorig_Spine1-Matrix-animation-input-array" count="29"><param name="TIME" type="float"/></accessor></technique_common></source><source id="mixamorig_Spine1-Matrix-animation-output-transform"><float_array id="mixamorig_Spine1-Matrix-animation-output-transform-array" count="464">

0.994139 -0.054330 0.093468 -0.000300 0.060605 0.996000 -0.065654 11.732000 -0.089527 0.070934 0.993455 -0.000000 0.000000 0.000000 0.000000 1.000000
0.994667 -0.050379 0.089998 -0.000300 0.056080 0.996501 -0.061979 11.732000 -0.086560 0.066696 0.994012 0.000000 0.000000 0.000000 0.000000 1.000000
0.995029 -0.046368 0.088133 -0.000300 0.051688 0.996915 -0.059068 11.732000 -0.085122 0.063330 0.994356 -0.000000 0.000000 0.000000 0.000000 1.000000
0.994551 -0.042141 0.095354 -0.000300 0.048078 0.996989 -0.060844 11.732000 -0.092503 0.065097 0.993582 0.000000 0.000000 0.000000 0.000000 1.000000
0.993672 -0.037663 0.105815 -0.000300 0.044685 0.996898 -0.064791 11.732000 -0.103047 0.069109 0.992273 -0.000000 0.000000 0.000000 0.000000 1.000000
0.992506 -0.032980 0.117657 -0.000300 0.041388 0.996706 -0.069746 11.732000 -0.114970 0.074093 0.990602 -0.000000 0.000000 0.000000 0.000000 1.000000
0.991041 -0.028151 0.130554 -0.000300 0.038213 0.996435 -0.075216 11.732000 -0.127971 0.079531 0.988584 0.000000 0.000000 0.000000 0.000000 1.000000
0.989277 -0.023266 0.144189 -0.000300 0.035189 0.996117 -0.080700 11.732000 -0.141751 0.084908 0.986254 0.000000 0.000000 0.000000 0.000000 1.000000
0.987226 -0.018447 0.158256 -0.000300 0.032344 0.995796 -0.085693 11.732000 -0.156010 0.089717 0.983673 -0.000000 0.000000 0.000000 0.000000 1.000000
0.984712 -0.014009 0.173624 -0.000300 0.029880 0.995571 -0.089136 11.732000 -0.171607 0.092961 0.980770 0.000000 0.000000 0.000000 0.000000 1.000000
0.980015 -0.012783 0.198511 -0.000300 0.030313 0.995875 -0.085524 11.732000 -0.196599 0.089832 0.976360 0.000000 0.000000 0.000000 0.000000 1.000000
0.977839 -0.014032 0.208886 -0.000300 0.032233 0.995945 -0.083986 11.732000 -0.206861 0.088858 0.974327 0.000000 0.000000 0.000000 0.000000 1.000000
0.978477 -0.020126 0.205371 -0.000300 0.038292 0.995656 -0.084871 11.732000 -0.202771 0.090908 0.974997 0.000000 0.000000 0.000000 0.000000 1.000000
0.982638 -0.034704 0.182260 -0.000300 0.051150 0.994953 -0.086324 11.732000 -0.178345 0.094148 0.979454 0.000000 0.000000 0.000000 0.000000 1.000000
0.989145 -0.057733 0.135126 -0.000300 0.069925 0.993726 -0.087292 11.732000 -0.129238 0.095793 0.986976 0.000000 0.000000 0.000000 0.000000 1.000000
0.994363 -0.084019 0.064670 -0.000300 0.089536 0.992110 -0.087754 11.732000 -0.056787 0.093050 0.994041 0.000000 0.000000 0.000000 0.000000 1.000000
0.994717 -0.102483 -0.005986 -0.000300 0.101566 0.990947 -0.087796 11.732000 0.014929 0.086724 0.996121 0.000000 0.000000 0.000000 0.000000 1.000000
0.992688 -0.111783 -0.045552 -0.000300 0.107650 0.990563 -0.084834 11.732000 0.054605 0.079310 0.995353 -0.000000 0.000000 0.000000 0.000000 1.000000
0.992114 -0.116406 -0.046469 -0.000300 0.112524 0.990515 -0.078861 11.732000 0.055208 0.073010 0.995802 -0.000000 0.000000 0.000000 0.000000 1.000000
0.992698 -0.119784 -0.014245 -0.000300 0.118481 0.990389 -0.071362 11.732000 0.022656 0.069153 0.997349 0.000000 0.000000 0.000000 0.000000 1.000000
0.991844 -0.122431 0.035449 -0.000300 0.124513 0.990146 -0.064093 11.732000 -0.027253 0.067984 0.997314 0.000000 0.000000 0.000000 0.000000 1.000000
0.989064 -0.122145 0.082664 -0.000300 0.127045 0.990266 -0.056850 11.732000 -0.074915 0.066730 0.994955 0.000000 0.000000 0.000000 0.000000 1.000000
0.986437 -0.117102 0.115017 -0.000300 0.123427 0.991119 -0.049479 11.732000 -0.108202 0.063004 0.992130 0.000000 0.000000 0.000000 0.000000 1.000000
0.985265 -0.108108 0.132538 -0.000300 0.114675 0.992475 -0.042939 11.732000 -0.126898 0.057505 0.990247 0.000000 0.000000 0.000000 0.000000 1.000000
0.985715 -0.098560 0.136573 -0.000300 0.104851 0.993697 -0.039645 11.732000 -0.131804 0.053399 0.989836 0.000000 0.000000 0.000000 0.000000 1.000000
0.986768 -0.091675 0.133732 -0.000300 0.097805 0.994401 -0.040000 11.732000 -0.129316 0.052550 0.990210 0.000000 0.000000 0.000000 0.000000 1.000000
0.988034 -0.085531 0.128349 -0.000300 0.091552 0.994925 -0.041753 11.732000 -0.124127 0.053004 0.990850 -0.000000 0.000000 0.000000 0.000000 1.000000
0.989540 -0.080632 0.119623 -0.000300 0.086689 0.995158 -0.046320 11.732000 -0.115309 0.056205 0.991738 0.000000 0.000000 0.000000 0.000000 1.000000
0.991016 -0.075912 0.110109 -0.000300 0.082094 0.995228 -0.052742 11.732000 -0.105580 0.061308 0.992519 -0.000000 0.000000 0.000000 0.000000 1.000000</float_array><technique_common><accessor source="#mixamorig_Spine1-Matrix-animation-output-transform-array" count="29" stride="16"><param type="float4x4"/></accessor></technique_common></source><source id="mixamorig_Spine1-Interpolations"><Name_array id="mixamorig_Spine1-Interpolations-array" count="29">
 LINEAR LINEAR LINEAR LINEAR LINEAR LINEAR LINEAR LINEAR LINEAR LINEAR LINEAR
LINEAR LINEAR LINEAR LINEAR LINEAR LINEAR LINEAR LINEAR LINEAR LINEAR LINEAR LINEAR
LINEAR LINEAR LINEAR LINEAR LINEAR LINEAR</Name_array><technique_common><accessor source="#mixamorig_Spine1-Interpolations-array" count="29"><param type="name"/></accessor></technique_common></source><sampler id="mixamorig_Spine1-Matrix-animation-transform"><input semantic="INPUT" source="#mixamorig_Spine1-Matrix-animation-input"/><input semantic="OUTPUT" source="#mixamorig_Spine1-Matrix-animation-output-transform"/><input semantic="INTERPOLATION" source="#mixamorig_Spine1-Interpolations"/></sampler><channel source="#mixamorig_Spine1-Matrix-animation-transform" target="mixamorig_Spine1/matrix"/></animation>
    <animation id="mixamorig_Spine2-anim" name="mixamorig_Spine2"><source id="mixamorig_Spine2-Matrix-animation-input"><float_array id="mixamorig_Spine2-Matrix-animation-input-array" count="29">

0.000000 0.033333 0.066667 0.100000 0.133333 0.166667 0.200000 0.233333 0.266667 0.300000 0.333333 0.366667 0.400000 0.433333 0.466667 0.500000
0.533333 0.566667 0.600000 0.633333 0.666667 0.700000 0.733333 0.766667 0.800000 0.833333 0.866667 0.900000 0.933333</float_array><technique_common><accessor source="#mixamorig_Spine2-Matrix-animation-input-array" count="29"><param name="TIME" type="float"/></accessor></technique_common></source><source id="mixamorig_Spine2-Matrix-animation-output-transform"><float_array id="mixamorig_Spine2-Matrix-animation-output-transform-array" count="464">

0.994202 -0.050450 0.094959 -0.000000 0.056866 0.996190 -0.066121 13.458800 -0.091262 0.071138 0.993283 0.000000 0.000000 0.000000 0.000000 1.000000
0.994715 -0.046770 0.091404 0.000000 0.052590 0.996669 -0.062328 13.458800 -0.088184 0.066806 0.993861 0.000000 0.000000 0.000000 0.000000 1.000000
0.995066 -0.042905 0.089461 -0.000000 0.048321 0.997071 -0.059287 13.458800 -0.086655 0.063317 0.994224 0.000000 0.000000 0.000000 0.000000 1.000000
0.994589 -0.038089 0.096655 0.000000 0.044103 0.997171 -0.060866 13.458800 -0.094063 0.064799 0.993455 -0.000000 0.000000 0.000000 0.000000 1.000000
0.993709 -0.032732 0.107106 0.000000 0.039810 0.997115 -0.064623 13.458800 -0.104681 0.068481 0.992145 0.000000 0.000000 0.000000 0.000000 1.000000
0.992533 -0.027048 0.118938 -0.000000 0.035486 0.996957 -0.069412 13.458800 -0.116698 0.073114 0.990473 -0.000000 0.000000 0.000000 0.000000 1.000000
0.991048 -0.021149 0.131820 0.000000 0.031210 0.996715 -0.074733 13.458800 -0.129806 0.078179 0.988453 0.000000 0.000000 0.000000 0.000000 1.000000
0.989252 -0.015177 0.145434 0.000000 0.027060 0.996421 -0.080080 13.458800 -0.143698 0.083155 0.986122 0.000000 0.000000 0.000000 0.000000 1.000000
0.987158 -0.009307 0.159476 0.000000 0.023113 0.996118 -0.084937 13.458800 -0.158067 0.087532 0.983541 0.000000 0.000000 0.000000 0.000000 1.000000
0.984592 -0.003906 0.174824 -0.000000 0.019609 0.995911 -0.088185 13.458800 -0.173765 0.090255 0.980643 0.000000 0.000000 0.000000 0.000000 1.000000
0.979840 -0.001948 0.199775 -0.000000 0.019103 0.996284 -0.083984 13.458800 -0.198869 0.086108 0.976236 0.000000 0.000000 0.000000 0.000000 1.000000
0.977649 -0.002864 0.210224 0.000000 0.020592 0.996404 -0.082188 13.458800 -0.209233 0.084680 0.974192 0.000000 0.000000 0.000000 0.000000 1.000000
0.978316 -0.008497 0.206945 0.000000 0.026328 0.996155 -0.083562 13.458800 -0.205439 0.087198 0.974778 0.000000 0.000000 0.000000 0.000000 1.000000
0.982575 -0.023159 0.184416 0.000000 0.039641 0.995489 -0.086199 13.458800 -0.181587 0.092008 0.979061 0.000000 0.000000 0.000000 0.000000 1.000000
0.989253 -0.047781 0.138184 -0.000000 0.060378 0.994248 -0.088457 13.458800 -0.133162 0.095850 0.986448 0.000000 0.000000 0.000000 0.000000 1.000000
0.994606 -0.077821 0.068574 0.000000 0.083827 0.992449 -0.089549 13.458800 -0.061088 0.094814 0.993619 0.000000 0.000000 0.000000 0.000000 1.000000
0.994918 -0.100668 -0.001948 0.000000 0.100096 0.990984 -0.089057 13.458800 0.010895 0.088409 0.996025 0.000000 0.000000 0.000000 0.000000 1.000000
0.992752 -0.112639 -0.041898 0.000000 0.108779 0.990412 -0.085158 13.458800 0.051089 0.079983 0.995486 -0.000000 0.000000 0.000000 0.000000 1.000000
0.992112 -0.117669 -0.043210 0.000000 0.114035 0.990358 -0.078661 13.458800 0.052050 0.073113 0.995965 -0.000000 0.000000 0.000000 0.000000 1.000000
0.992774 -0.119489 -0.011041 0.000000 0.118400 0.990365 -0.071829 13.458800 0.019517 0.070003 0.997356 -0.000000 0.000000 0.000000 0.000000 1.000000
0.992087 -0.119351 0.038971 0.000000 0.121759 0.990313 -0.066742 13.458800 -0.030628 0.070959 0.997009 0.000000 0.000000 0.000000 0.000000 1.000000
0.989441 -0.116303 0.086489 -0.000000 0.121859 0.990610 -0.061982 13.458800 -0.078468 0.071867 0.994323 0.000000 0.000000 0.000000 0.000000 1.000000
0.986839 -0.109702 0.118805 -0.000000 0.116943 0.991571 -0.055774 13.458800 -0.111685 0.068934 0.991350 -0.000000 0.000000 0.000000 0.000000 1.000000
0.985608 -0.100418 0.135989 0.000000 0.107927 0.992950 -0.049001 13.458800 -0.130110 0.062973 0.989498 0.000000 0.000000 0.000000 0.000000 1.000000
0.985992 -0.091314 0.139579 0.000000 0.098414 0.994135 -0.044826 13.458800 -0.134667 0.057935 0.989196 0.000000 0.000000 0.000000 0.000000 1.000000
0.987021 -0.084828 0.136360 0.000000 0.091660 0.994790 -0.044619 13.458800 -0.131865 0.056538 0.989654 -0.000000 0.000000 0.000000 0.000000 1.000000
0.988272 -0.079071 0.130635 0.000000 0.085694 0.995265 -0.045866 13.458800 -0.126390 0.056523 0.990369 0.000000 0.000000 0.000000 0.000000 1.000000
0.989777 -0.074417 0.121667 -0.000000 0.080995 0.995458 -0.050040 13.458800 -0.117390 0.059383 0.991309 -0.000000 0.000000 0.000000 0.000000 1.000000
0.991235 -0.070048 0.112009 0.000000 0.076660 0.995492 -0.055853 13.458800 -0.107592 0.063950 0.992136 0.000000 0.000000 0.000000 0.000000 1.000000</float_array><technique_common><accessor source="#mixamorig_Spine2-Matrix-animation-output-transform-array" count="29" stride="16"><param type="float4x4"/></accessor></technique_common></source><source id="mixamorig_Spine2-Interpolations"><Name_array id="mixamorig_Spine2-Interpolations-array" count="29">
 LINEAR LINEAR LINEAR LINEAR LINEAR LINEAR LINEAR LINEAR LINEAR LINEAR LINEAR
LINEAR LINEAR LINEAR LINEAR LINEAR LINEAR LINEAR LINEAR LINEAR LINEAR LINEAR LINEAR
LINEAR LINEAR LINEAR LINEAR LINEAR LINEAR</Name_array><technique_common><accessor source="#mixamorig_Spine2-Interpolations-array" count="29"><param type="name"/></accessor></technique_common></source><sampler id="mixamorig_Spine2-Matrix-animation-transform"><input semantic="INPUT" source="#mixamorig_Spine2-Matrix-animation-input"/><input semantic="OUTPUT" source="#mixamorig_Spine2-Matrix-animation-output-transform"/><input semantic="INTERPOLATION" source="#mixamorig_Spine2-Interpolations"/></sampler><channel source="#mixamorig_Spine2-Matrix-animation-transform" target="mixamorig_Spine2/matrix"/></animation>
    <animation id="mixamorig_Neck-anim" name="mixamorig_Neck"><source id="mixamorig_Neck-Matrix-animation-input"><float_array id="mixamorig_Neck-Matrix-animation-input-array" count="29">

0.000000 0.033333 0.066667 0.100000 0.133333 0.166667 0.200000 0.233333 0.266667 0.300000 0.333333 0.366667 0.400000 0.433333 0.466667 0.500000
0.533333 0.566667 0.600000 0.633333 0.666667 0.700000 0.733333 0.766667 0.800000 0.833333 0.866667 0.900000 0.933333</float_array><technique_common><accessor source="#mixamorig_Neck-Matrix-animation-input-array" count="29"><param name="TIME" type="float"/></accessor></technique_common></source><source id="mixamorig_Neck-Matrix-animation-output-transform"><float_array id="mixamorig_Neck-Matrix-animation-output-transform-array" count="464">

0.998143 0.007714 0.060431 -0.000100 0.009181 0.961575 -0.274389 14.826500 -0.060225 0.274434 0.959718 2.603700 0.000000 0.000000 0.000000 1.000000
0.997960 0.012965 0.062512 -0.000100 0.004955 0.960482 -0.278297 14.826500 -0.063650 0.278039 0.958459 2.603700 0.000000 0.000000 0.000000 1.000000
0.997794 0.017576 0.064020 -0.000100 0.001192 0.959418 -0.281985 14.826500 -0.066378 0.281440 0.957280 2.603700 0.000000 0.000000 0.000000 1.000000
0.997885 0.018350 0.062364 -0.000100 0.000140 0.958723 -0.284343 14.826500 -0.065008 0.283751 0.956692 2.603700 0.000000 0.000000 0.000000 1.000000
0.998093 0.017423 0.059219 -0.000100 0.000266 0.958120 -0.286366 14.826500 -0.061729 0.285836 0.956288 2.603700 0.000000 0.000000 0.000000 1.000000
0.998339 0.015734 0.055422 -0.000100 0.000911 0.957555 -0.288250 14.826500 -0.057605 0.287821 0.955950 2.603700 0.000000 0.000000 0.000000 1.000000
0.998586 0.013664 0.051375 -0.000100 0.001821 0.957048 -0.289923 14.826500 -0.053129 0.289607 0.955670 2.603700 0.000000 0.000000 0.000000 1.000000
0.998805 0.011597 0.047473 -0.000100 0.002738 0.956624 -0.291311 14.826500 -0.048793 0.291093 0.955450 2.603700 0.000000 0.000000 0.000000 1.000000
0.998977 0.009925 0.044113 -0.000100 0.003408 0.956311 -0.292332 14.826500 -0.045087 0.292184 0.955299 2.603700 0.000000 0.000000 0.000000 1.000000
0.999069 0.009323 0.042132 -0.000100 0.003407 0.956293 -0.292390 14.826500 -0.043017 0.292261 0.955371 2.603700 0.000000 0.000000 0.000000 1.000000
0.998781 0.013744 0.047408 -0.000100 0.000418 0.958063 -0.286557 14.826500 -0.049358 0.286227 0.956890 2.603700 0.000000 0.000000 0.000000 1.000000
0.998206 0.020995 0.056065 -0.000100 -0.004270 0.959073 -0.283126 14.826500 -0.059715 0.282379 0.957443 2.603700 0.000000 0.000000 0.000000 1.000000
0.997801 0.026045 0.060947 -0.000100 -0.007820 0.959395 -0.281957 14.826500 -0.065816 0.280860 0.957489 2.603700 0.000000 0.000000 0.000000 1.000000
0.997557 0.026970 0.064442 -0.000100 -0.007553 0.958700 -0.284318 14.826500 -0.069448 0.283136 0.956562 2.603700 0.000000 0.000000 0.000000 1.000000
0.997430 0.022793 0.067932 -0.000100 -0.002170 0.957231 -0.289316 14.826500 -0.071621 0.288425 0.954820 2.603700 0.000000 0.000000 0.000000 1.000000
0.997374 0.014647 0.070920 -0.000100 0.006866 0.955793 -0.293960 14.826500 -0.072091 0.293675 0.953183 2.603700 0.000000 0.000000 0.000000 1.000000
0.996909 0.015491 0.077020 -0.000100 0.007992 0.955282 -0.295588 14.826500 -0.078155 0.295290 0.952206 2.603700 0.000000 0.000000 0.000000 1.000000
0.995928 0.032369 0.084135 -0.000100 -0.005959 0.954907 -0.296846 14.826500 -0.089950 0.295136 0.951212 2.603700 0.000000 0.000000 0.000000 1.000000
0.994781 0.051696 0.087968 -0.000100 -0.023118 0.953922 -0.299164 14.826500 -0.099380 0.295569 0.950138 2.603700 0.000000 0.000000 0.000000 1.000000
0.994591 0.058639 0.085734 -0.000100 -0.030242 0.953123 -0.301068 14.826500 -0.099370 0.296847 0.949741 2.603700 0.000000 0.000000 0.000000 1.000000
0.996039 0.043868 0.077344 -0.000100 -0.018750 0.953892 -0.299563 14.826500 -0.086919 0.296926 0.950936 2.603700 0.000000 0.000000 0.000000 1.000000
0.997502 0.021906 0.067153 -0.000100 -0.001157 0.955636 -0.294547 14.826500 -0.070626 0.293734 0.953274 2.603700 0.000000 0.000000 0.000000 1.000000
0.998171 0.009059 0.059775 -0.000100 0.008735 0.956726 -0.290858 14.826500 -0.059824 0.290848 0.954897 2.603700 0.000000 0.000000 0.000000 1.000000
0.998476 0.004942 0.054962 -0.000100 0.011327 0.956421 -0.291771 14.826500 -0.054008 0.291949 0.954908 2.603700 0.000000 0.000000 0.000000 1.000000
0.998735 0.003578 0.050150 -0.000100 0.011552 0.954452 -0.298141 14.826500 -0.048933 0.298343 0.953204 2.603700 0.000000 0.000000 0.000000 1.000000
0.999081 -0.001296 0.042834 -0.000100 0.014428 0.951359 -0.307746 14.826500 -0.040351 0.308081 0.950504 2.603700 0.000000 0.000000 0.000000 1.000000
0.999334 -0.006700 0.035872 -0.000100 0.017712 0.948510 -0.316250 14.826500 -0.031906 0.316675 0.947997 2.603700 0.000000 0.000000 0.000000 1.000000
0.999428 -0.011709 0.031738 -0.000100 0.021159 0.948387 -0.316408 14.826500 -0.026395 0.316899 0.948092 2.603700 0.000000 0.000000 0.000000 1.000000
0.999359 -0.012626 0.033505 -0.000100 0.022345 0.951100 -0.308073 14.826500 -0.027977 0.308624 0.950773 2.603700 0.000000 0.000000 0.000000 1.000000</float_array><technique_common><accessor source="#mixamorig_Neck-Matrix-animation-output-transform-array" count="29" stride="16"><param type="float4x4"/></accessor></technique_common></source><source id="mixamorig_Neck-Interpolations"><Name_array id="mixamorig_Neck-Interpolations-array" count="29">
 LINEAR LINEAR LINEAR LINEAR LINEAR LINEAR LINEAR LINEAR LINEAR LINEAR LINEAR
LINEAR LINEAR LINEAR LINEAR LINEAR LINEAR LINEAR LINEAR LINEAR LINEAR LINEAR LINEAR
LINEAR LINEAR LINEAR LINEAR LINEAR LINEAR</Name_array><technique_common><accessor source="#mixamorig_Neck-Interpolations-array" count="29"><param type="name"/></accessor></technique_common></source><sampler id="mixamorig_Neck-Matrix-animation-transform"><input semantic="INPUT" source="#mixamorig_Neck-Matrix-animation-input"/><input semantic="OUTPUT" source="#mixamorig_Neck-Matrix-animation-output-transform"/><input semantic="INTERPOLATION" source="#mixamorig_Neck-Interpolations"/></sampler><channel source="#mixamorig_Neck-Matrix-animation-transform" target="mixamorig_Neck/matrix"/></animation>
    <animation id="mixamorig_Head-anim" name="mixamorig_Head"><source id="mixamorig_Head-Matrix-animation-input"><float_array id="mixamorig_Head-Matrix-animation-input-array" count="29">

0.000000 0.033333 0.066667 0.100000 0.133333 0.166667 0.200000 0.233333 0.266667 0.300000 0.333333 0.366667 0.400000 0.433333 0.466667 0.500000
0.533333 0.566667 0.600000 0.633333 0.666667 0.700000 0.733333 0.766667 0.800000 0.833333 0.866667 0.900000 0.933333</float_array><technique_common><accessor source="#mixamorig_Head-Matrix-animation-input-array" count="29"><param name="TIME" type="float"/></accessor></technique_common></source><source id="mixamorig_Head-Matrix-animation-output-transform"><float_array id="mixamorig_Head-Matrix-animation-output-transform-array" count="464">

0.908087 0.155015 0.389034 0.000000 -0.221849 0.965977 0.132938 10.321800 -0.355190 -0.207026 0.911581 3.142400 0.000000 0.000000 0.000000 1.000000
0.907204 0.149885 0.393085 -0.000000 -0.213916 0.968919 0.124244 10.321800 -0.362245 -0.196802 0.911069 3.142400 0.000000 0.000000 0.000000 1.000000
0.906835 0.145421 0.395605 0.000000 -0.207198 0.971161 0.117964 10.321800 -0.367042 -0.188942 0.910813 3.142400 0.000000 0.000000 0.000000 1.000000
0.910190 0.144266 0.388254 -0.000000 -0.207292 0.970202 0.125455 10.321800 -0.358586 -0.194670 0.912973 3.142400 0.000000 0.000000 0.000000 1.000000
0.915461 0.144113 0.375716 -0.000000 -0.209302 0.967965 0.138699 10.321800 -0.343691 -0.205611 0.916297 3.142400 0.000000 0.000000 0.000000 1.000000
0.921319 0.144736 0.360865 0.000000 -0.212107 0.964955 0.154504 10.321800 -0.325856 -0.218890 0.919731 3.142400 0.000000 0.000000 0.000000 1.000000
0.926959 0.146474 0.345387 0.000000 -0.215894 0.961185 0.171796 10.321800 -0.306817 -0.233814 0.922602 3.142400 0.000000 0.000000 0.000000 1.000000
0.931700 0.149532 0.331021 0.000000 -0.220877 0.956713 0.189508 10.321800 -0.288355 -0.249679 0.924398 3.142400 0.000000 0.000000 0.000000 1.000000
0.934982 0.153954 0.319542 0.000000 -0.227298 0.951664 0.206569 10.321800 -0.272294 -0.265770 0.924782 3.142400 0.000000 0.000000 0.000000 1.000000
0.935313 0.160639 0.315253 0.000000 -0.237085 0.945925 0.221397 10.321800 -0.262640 -0.281817 0.922821 3.142400 0.000000 0.000000 0.000000 1.000000
0.918821 0.180398 0.351034 0.000000 -0.270874 0.935115 0.228445 10.321800 -0.287046 -0.304986 0.908068 3.142400 0.000000 0.000000 0.000000 1.000000
0.893363 0.198164 0.403278 0.000000 -0.310277 0.921228 0.234666 10.321800 -0.325008 -0.334770 0.884477 3.142400 0.000000 0.000000 0.000000 1.000000
0.867686 0.221108 0.445234 -0.000000 -0.355152 0.902407 0.243986 10.321800 -0.347835 -0.369828 0.861532 3.142400 0.000000 0.000000 0.000000 1.000000
0.843822 0.257363 0.470882 0.000000 -0.404495 0.881673 0.242974 10.321800 -0.352631 -0.395496 0.848077 3.142400 0.000000 0.000000 0.000000 1.000000
0.822085 0.307422 0.479237 -0.000000 -0.452888 0.863185 0.223169 10.321800 -0.345063 -0.400504 0.848839 3.142400 0.000000 0.000000 0.000000 1.000000
0.803113 0.361188 0.473871 0.000000 -0.491800 0.850829 0.184992 10.321800 -0.336366 -0.381619 0.860944 3.142400 0.000000 0.000000 0.000000 1.000000
0.781008 0.400610 0.479102 0.000000 -0.520708 0.841263 0.145394 10.321800 -0.344805 -0.363026 0.865634 3.142400 0.000000 0.000000 0.000000 1.000000
0.757986 0.422138 0.497249 -0.000000 -0.542522 0.831235 0.121323 10.321800 -0.362116 -0.361730 0.859083 3.142400 0.000000 0.000000 0.000000 1.000000
0.744577 0.427507 0.512682 0.000000 -0.551420 0.826751 0.111440 10.321800 -0.376219 -0.365679 0.851316 3.142400 0.000000 0.000000 0.000000 1.000000
0.749091 0.420686 0.511748 0.000000 -0.542394 0.833000 0.109179 10.321800 -0.380356 -0.359354 0.852170 3.142400 0.000000 0.000000 0.000000 1.000000
0.772459 0.404955 0.489202 0.000000 -0.512477 0.852431 0.103580 10.321800 -0.375065 -0.330716 0.865998 3.142400 0.000000 0.000000 0.000000 1.000000
0.799947 0.384384 0.460797 0.000000 -0.472779 0.876625 0.089493 10.321800 -0.369546 -0.289445 0.882982 3.142400 0.000000 0.000000 0.000000 1.000000
0.822222 0.360079 0.440788 0.000000 -0.434252 0.897506 0.076860 10.321800 -0.367934 -0.254609 0.894315 3.142400 0.000000 0.000000 0.000000 1.000000
0.841464 0.331132 0.426954 0.000000 -0.399438 0.913363 0.078858 10.321800 -0.363851 -0.236897 0.900828 3.142400 0.000000 0.000000 0.000000 1.000000
0.860904 0.302256 0.409250 -0.000000 -0.372275 0.922525 0.101780 10.321800 -0.346780 -0.239976 0.906728 3.142400 0.000000 0.000000 0.000000 1.000000
0.881971 0.278799 0.379998 0.000000 -0.351908 0.925885 0.137466 10.321800 -0.313509 -0.254965 0.914716 3.142400 0.000000 0.000000 0.000000 1.000000
0.900419 0.259337 0.349270 0.000000 -0.333306 0.927220 0.170794 10.321800 -0.279556 -0.270200 0.921325 3.142400 0.000000 0.000000 0.000000 1.000000
0.911327 0.249189 0.327701 0.000000 -0.320498 0.929041 0.184836 10.321800 -0.258389 -0.273474 0.926524 3.142400 0.000000 0.000000 0.000000 1.000000
0.914966 0.237337 0.326356 0.000000 -0.306647 0.934648 0.180002 10.321800 -0.262307 -0.264772 0.927950 3.142400 0.000000 0.000000 0.000000 1.000000</float_array><technique_common><accessor source="#mixamorig_Head-Matrix-animation-output-transform-array" count="29" stride="16"><param type="float4x4"/></accessor></technique_common></source><source id="mixamorig_Head-Interpolations"><Name_array id="mixamorig_Head-Interpolations-array" count="29">
 LINEAR LINEAR LINEAR LINEAR LINEAR LINEAR LINEAR LINEAR LINEAR LINEAR LINEAR
LINEAR LINEAR LINEAR LINEAR LINEAR LINEAR LINEAR LINEAR LINEAR LINEAR LINEAR LINEAR
LINEAR LINEAR LINEAR LINEAR LINEAR LINEAR</Name_array><technique_common><accessor source="#mixamorig_Head-Interpolations-array" count="29"><param type="name"/></accessor></technique_common></source><sampler id="mixamorig_Head-Matrix-animation-transform"><input semantic="INPUT" source="#mixamorig_Head-Matrix-animation-input"/><input semantic="OUTPUT" source="#mixamorig_Head-Matrix-animation-output-transform"/><input semantic="INTERPOLATION" source="#mixamorig_Head-Interpolations"/></sampler><channel source="#mixamorig_Head-Matrix-animation-transform" target="mixamorig_Head/matrix"/></animation>
    <animation id="mixamorig_LeftShoulder-anim" name="mixamorig_LeftShoulder"><source id="mixamorig_LeftShoulder-Matrix-animation-input"><float_array id="mixamorig_LeftShoulder-Matrix-animation-input-array" count="29">

0.000000 0.033333 0.066667 0.100000 0.133333 0.166667 0.200000 0.233333 0.266667 0.300000 0.333333 0.366667 0.400000 0.433333 0.466667 0.500000
0.533333 0.566667 0.600000 0.633333 0.666667 0.700000 0.733333 0.766667 0.800000 0.833333 0.866667 0.900000 0.933333</float_array><technique_common><accessor source="#mixamorig_LeftShoulder-Matrix-animation-input-array" count="29"><param name="TIME" type="float"/></accessor></technique_common></source><source id="mixamorig_LeftShoulder-Matrix-animation-output-transform"><float_array id="mixamorig_LeftShoulder-Matrix-animation-output-transform-array" count="464">

0.127401 0.990287 -0.055678 6.105800 0.159593 -0.075871 -0.984263 8.958400 -0.978928 0.116510 -0.167709 1.801400 0.000000 0.000000 0.000000 1.000000
0.119238 0.991090 -0.059349 6.105800 0.159462 -0.078116 -0.984109 8.958400 -0.979977 0.107879 -0.167356 1.801400 0.000000 0.000000 0.000000 1.000000
0.112016 0.991691 -0.063264 6.105800 0.159380 -0.080770 -0.983908 8.958400 -0.980842 0.100130 -0.167103 1.801400 0.000000 0.000000 0.000000 1.000000
0.110484 0.991511 -0.068546 6.105800 0.159625 -0.085775 -0.983444 8.958400 -0.980976 0.097714 -0.167746 1.801400 0.000000 0.000000 0.000000 1.000000
0.112070 0.990939 -0.074022 6.105800 0.159999 -0.091514 -0.982866 8.958400 -0.980735 0.098307 -0.168806 1.801400 0.000000 0.000000 0.000000 1.000000
0.115035 0.990169 -0.079572 6.105800 0.160430 -0.097571 -0.982213 8.958400 -0.980321 0.100223 -0.170077 1.801400 0.000000 0.000000 0.000000 1.000000
0.118316 0.989298 -0.085388 6.105800 0.160897 -0.103956 -0.981481 8.958400 -0.979854 0.102386 -0.171475 1.801400 0.000000 0.000000 0.000000 1.000000
0.120851 0.988429 -0.091668 6.105800 0.161380 -0.110679 -0.980666 8.958400 -0.979465 0.103721 -0.172888 1.801400 0.000000 0.000000 0.000000 1.000000
0.121579 0.987671 -0.098616 6.105800 0.161861 -0.117751 -0.979763 8.958400 -0.979296 0.103156 -0.174181 1.801400 0.000000 0.000000 0.000000 1.000000
0.118000 0.987177 -0.107505 6.105800 0.162349 -0.125983 -0.978658 8.958400 -0.979652 0.098028 -0.175133 1.801400 0.000000 0.000000 0.000000 1.000000
0.088152 0.988051 -0.126431 6.105800 0.162806 -0.139510 -0.976745 8.958400 -0.982712 0.065518 -0.173158 1.801400 0.000000 0.000000 0.000000 1.000000
