joint x_bot_hips root
1 -1e-06 0 0 1e-06 1 -0 0 -0 0 1 0 1.1e-05 104.275 1.55431 1 1 1e-06 0 -0 -1e-06 1 -0 0 0 -0 1 -0 9.32748e-05 -104.275 -1.55431 1 
joint x_bot_spine x_bot_hips
1 -8.9e-05 5e-06 0 8.9e-05 0.995111 -0.098767 0 4e-06 0.098767 0.995111 0 -0 10.1816 0.131521 1 1 9.00537e-05 3.91347e-06 -0 -8.99599e-05 0.99511 0.0987669 0 4.80981e-06 -0.0987669 0.99511 -0 0.0102672 -113.73 -12.9821 1 
joint x_bot_spine1 x_bot_spine
1 6.6e-05 -2e-06 0 -6.6e-05 0.998707 -0.050844 0 -2e-06 0.050844 0.998707 0 -0.000921 10.133 -0 1 1 2.3722e-05 7.12881e-06 -0 -2.44005e-05 0.988801 0.149234 0 -3.06206e-06 -0.149234 0.988801 -0 0.00302883 -123.043 -19.263 1 
joint x_bot_spine2 x_bot_spine1
1 0 0 0 -0 1 -0 0 -0 0 1 0 -0.000228 9.20307 -0 1 1 2.3722e-05 7.12881e-06 -0 -2.44005e-05 0.988801 0.149234 0 -3.06206e-06 -0.149234 0.988801 -0 0.00325684 -132.246 -19.263 1 
joint x_bot_neck x_bot_spine2
1 2.5e-05 7e-06 0 -2.6e-05 0.988802 0.149235 0 -4e-06 -0.149235 0.988802 0 -0.000418 16.8605 -0 1 1 -1.2445e-06 3.18093e-07 -0 1.59943e-06 0.999999 -3.57627e-07 0 9.37946e-07 3.57626e-07 0.999999 -0 -0.000220442 -150.311 3.20461 1 
joint x_bot_head x_bot_neck
1 0 -3e-06 0 -0 1 -0 0 3e-06 0 1 0 0 9.61788 1.68501 1 1 -1.2445e-06 3.31809e-06 -0 1.59943e-06 0.999999 -3.57622e-07 0 -2.06205e-06 3.57626e-07 0.999999 -0 -0.000225001 -159.929 1.5196 1 
joint x_bot_headtop_end x_bot_head
1 0 -0 0 -0 1 -0 0 0 -0 1 0 -7e-06 17.8152 2.58499 1 1 -1.2445e-06 3.31809e-06 -0 1.59943e-06 0.999999 -3.57622e-07 0 -2.06205e-06 3.57626e-07 0.999999 -0 -0.000218001 -177.744 -1.06539 1 
joint x_bot_lefteye x_bot_head
1 0 -0 0 -0 1 -0 0 0 -0 1 0 3.06754 6.40951 9.28356 1 1 -1.2445e-06 3.31809e-06 -0 1.59943e-06 0.999999 -3.57622e-07 0 -2.06205e-06 3.57626e-07 0.999999 -0 -3.06776 -166.339 -7.76396 1 
joint x_bot_righteye x_bot_head
1 0 -0 0 -0 1 -0 0 0 -0 1 0 -3.06757 6.4095 9.28354 1 1 -1.2445e-06 3.31809e-06 -0 1.59943e-06 0.999999 -3.57622e-07 0 -2.06205e-06 3.57626e-07 0.999999 -0 3.06735 -166.339 -7.76394 1 
joint x_bot_leftshoulder x_bot_spine2
-0.172724 0.224279 -0.959096 0 0.983973 -0.004511 -0.178259 0 -0.044306 -0.974515 -0.219905 0 4.57018 11.2157 -0.965006 1 -0.172726 0.983972 -0.0443309 -0 0.0786408 -0.0310867 -0.996417 0 -0.981825 -0.175593 -0.0720114 0 -13.837 -0.584814 144.032 1 
joint x_bot_leftarm x_bot_leftshoulder
0.983728 0.179654 -0.001717 0 -0.179662 0.983709 -0.006225 0 0.000571 0.006432 0.999979 0 0.320732 10.8308 0.213868 1 0.00693627 0.99925 -0.0380995 -0 0.0734875 -0.0385065 -0.996551 0 -0.997272 0.00411233 -0.0736996 -0 -16.2252 -9.58131 143.733 1 
joint x_bot_leftforearm x_bot_leftarm
0.999977 0.002261 0.006381 0 -0.001956 0.998876 -0.047355 0 -0.006481 0.047341 0.998858 0 0.193078 27.8206 -1.06067 1 0.00895198 0.999918 0.00920503 -0 0.0670396 0.00858423 -0.997712 0 -0.99771 0.00954872 -0.0669575 -0 -15.5786 -44.1845 142.964 1 
joint x_bot_lefthand x_bot_leftforearm
0.992658 -0.111556 0.04675 0 0.111001 0.993717 0.014312 0 -0.048053 -0.009017 0.998804 0 0.253564 28.3265 0.260771 1 -0.10223 0.994761 -0.000253033 -0 0.0189466 0.00169311 -0.999818 0 -0.99458 -0.102216 -0.0190207 0 -0.955422 -71.7705 143.947 1 
joint x_bot_lefthandthumb1 x_bot_lefthand
0.835836 0.548918 -0.008195 0 -0.512454 0.785492 0.346979 0 0.196899 -0.285818 0.937837 0 -2.94914 2.17644 1.52435 1 0.460597 0.833677 -0.304687 -0 0.0249581 -0.355294 -0.93442 0 -0.887258 0.422786 -0.184456 -0 -40.0914 -9.68864 155.098 1 
joint x_bot_lefthandthumb2 x_bot_lefthandthumb1
0.979612 0.199575 0.02303 0 -0.20087 0.971074 0.129098 0 0.003401 -0.131092 0.991364 0 -0.213359 4.14349 0.414375 1 0.61057 0.677707 -0.409778 -0 -0.067978 -0.470662 -0.87969 0 -0.78904 0.564968 -0.241304 -0 -38.2632 14.5476 155.025 1 
joint x_bot_lefthandthumb3 x_bot_lefthandthumb2
0.976056 -0.217439 0.005839 0 0.217031 0.971729 -0.092952 0 0.014538 0.091994 0.995653 0 0.515291 3.38371 -0.109272 1 0.446198 0.82915 -0.336776 -0 0.0308539 -0.39034 -0.920153 0 -0.894403 0.400179 -0.199753 -0 -39.3717 -11.988 154.924 1 
joint x_bot_lefthandthumb4 x_bot_lefthandthumb3
1 0 -0 0 -0 1 -0 0 -0 0 1 0 -0.172022 2.51273 0.154723 1 0.446198 0.82915 -0.336776 -0 0.0308539 -0.39034 -0.920153 0 -0.894403 0.400179 -0.199753 -0 -39.1997 -14.5007 154.769 1 
joint x_bot_lefthandindex1 x_bot_lefthand
0.995281 0.097033 -0.000618 0 -0.097015 0.995186 0.013917 0 0.001965 -0.013791 0.999903 0 -3.18865 8.82971 0.472725 1 -0.0052231 0.999886 -0.014173 -0 0.0196389 -0.0140672 -0.999707 0 -0.999793 -0.00549973 -0.019564 0 -5.68679 -78.4321 144.577 1 
joint x_bot_lefthandindex2 x_bot_lefthandindex1
1 -0.000494 0.000486 0 0.000517 0.99881 -0.048773 0 -0.000461 0.048773 0.99881 0 -0.019232 3.67599 -0.0521 1 -0.00572382 0.999384 0.0346139 -0 0.0191603 0.0347181 -0.999212 0 -0.999799 -0.005056 -0.0193477 0 -5.55676 -89.0672 140.455 1 
joint x_bot_lefthandindex3 x_bot_lefthandindex2
0.99936 0.035728 0.001829 0 -0.035604 0.998273 -0.046733 0 -0.003495 0.046638 0.998906 0 -0.016458 2.88129 0.099755 1 0.0300495 0.996244 0.0812052 -0 0.0185615 0.0806722 -0.996566 0 -0.999375 0.0314533 -0.0160675 -0 -8.5653 -98.1516 135.932 1 
joint x_bot_lefthandindex4 x_bot_lefthandindex3
1 0 0 0 0 1 -0 0 0 -0 1 0 0.071867 2.38374 0.194262 1 0.0300495 0.996244 0.0812052 -0 0.0185615 0.0806722 -0.996566 0 -0.999375 0.0314533 -0.0160675 -0 -8.63716 -100.535 135.738 1 
joint x_bot_lefthandmiddle1 x_bot_lefthand
0.994618 0.103601 0.001437 0 -0.103433 0.993624 -0.044869 0 -0.006076 0.044479 0.998992 0 -0.974614 9.48345 -0.002382 1 0.00137819 0.999004 0.0446143 -0 0.0175836 0.0445835 -0.99885 0 -0.999844 0.00216083 -0.0175046 -0 -8.19212 -87.1968 140.191 1 
joint x_bot_lefthandmiddle2 x_bot_lefthandmiddle1
0.999738 0.022903 0.0001 0 -0.022899 0.999464 0.023384 0 0.000436 -0.02338 0.999727 0 0.005079 3.69455 0.16499 1 0.0242624 0.99948 0.0212458 -0 0.0185006 0.0208001 -0.999611 0 -0.999534 0.0246459 -0.0179859 -0 -10.2628 -87.3806 142.109 1 
joint x_bot_lefthandmiddle3 x_bot_lefthandmiddle2
0.99957 -0.029322 0.000347 0 0.029304 0.99926 0.024918 0 -0.001078 -0.024898 0.999689 0 0.071581 2.94939 0.062733 1 -0.00504719 0.999981 -0.00367114 -0 0.0175353 -0.0035824 -0.999838 0 -0.999833 -0.00511117 -0.0175171 0 -7.63191 -87.0263 144.262 1 
joint x_bot_lefthandmiddle4 x_bot_lefthandmiddle3
1 -0 0 0 0 1 0 0 0 0 1 0 -0.014293 2.83385 -0.010367 1 -0.00504719 0.999981 -0.00367114 -0 0.0175353 -0.0035824 -0.999838 0 -0.999833 -0.00511117 -0.0175171 0 -7.61761 -89.8602 144.272 1 
joint x_bot_lefthandring1 x_bot_lefthand
0.995717 0.092447 -0.000496 0 -0.092448 0.995718 -0.000256 0 0.00047 0.000301 1 0 0.923424 9.2474 0.076253 1 -0.00982881 0.999952 -1.92076e-06 -0 0.0195177 0.00019052 -0.999808 0 -0.999761 -0.00982765 -0.0195191 0 -9.43207 -80.5341 143.846 1 
joint x_bot_lefthandring2 x_bot_lefthandring1
0.999984 -0.005626 0.000616 0 0.005648 0.999015 -0.04401 0 -0.000368 0.044013 0.999031 0 -0.031011 3.15387 0 1 -0.0154547 0.998912 0.0440123 -0 0.0189002 0.0443023 -0.998838 0 -0.999702 -0.0146052 -0.019565 0 -8.84141 -89.9893 140.027 1 
joint x_bot_lefthandring3 x_bot_lefthandring2
0.999882 0.015315 0.000918 0 -0.015339 0.996626 0.080626 0 0.00032 -0.080631 0.996744 0 -0.045394 2.93447 0.12934 1 -0.000114299 0.999327 -0.0366788 -0 0.0186596 -0.0366698 -0.999152 0 -0.999826 -0.00079884 -0.0186435 0 -10.0897 -81.196 146.931 1 
joint x_bot_lefthandring4 x_bot_lefthandring3
1 -0 0 0 0 1 0 0 0 -0 1 0 -0.000301 2.64567 -0.097054 1 -0.000114299 0.999327 -0.0366788 -0 0.0186596 -0.0366698 -0.999152 0 -0.999826 -0.00079884 -0.0186435 0 -10.0894 -83.8417 147.029 1 
joint x_bot_lefthandpinky1 x_bot_lefthand
0.992496 0.12224 -0.002865 0 -0.122267 0.992417 -0.012586 0 0.001305 0.012841 0.999917 0 2.95064 8.4237 0.557203 1 0.0201376 0.999721 0.0123882 -0 0.021876 0.0119466 -0.999688 0 -0.999558 0.020402 -0.0216295 -0 -14.0906 -80.9132 142.343 1 
joint x_bot_lefthandpinky2 x_bot_lefthandpinky1
0.999856 -0.016968 -0.000322 0 0.016969 0.999322 0.032678 0 -0.000233 -0.032678 0.999466 0 0.072522 3.59903 0.044598 1 0.00316794 0.99979 -0.0202928 -0 0.0219917 -0.0203573 -0.999549 0 -0.999753 0.00271945 -0.022052 -0 -12.7729 -80.0453 144.988 1 
joint x_bot_lefthandpinky3 x_bot_lefthandpinky2
0.999955 0.009489 9.5e-05 0 -0.009485 0.999696 -0.022774 0 -0.000311 0.022772 0.999741 0 0.006701 2.11377 -0.042923 1 0.0126535 0.999917 0.00247879 -0 0.0217027 0.00220392 -0.99976 0 -0.999685 0.0127029 -0.0216734 -0 -13.5449 -85.3157 143.126 1 
joint x_bot_lefthandpinky4 x_bot_lefthandpinky3
1 0 0 0 -0 1 0 0 0 0 1 0 0.025042 1.97552 0.004886 1 0.0126535 0.999917 0.00247879 -0 0.0217027 0.00220392 -0.99976 0 -0.999685 0.0127029 -0.0216734 -0 -13.5699 -87.2913 143.121 1 
joint x_bot_rightshoulder x_bot_spine2
-0.172733 -0.224263 0.959098 0 -0.983971 -0.004518 -0.178269 0 0.044313 -0.974518 -0.219888 0 -4.57024 11.2157 -0.965072 1 -0.172732 -0.983973 0.0442877 0 -0.0786169 -0.0310479 -0.996421 0 0.981826 -0.175596 -0.0719939 -0 13.8337 -0.589988 144.032 1 
joint x_bot_rightarm x_bot_rightshoulder
0.983726 -0.179665 0.001714 0 0.179672 0.983707 -0.006219 0 -0.000569 0.006426 0.999979 0 -0.320559 10.8313 0.214489 1 0.00694061 -0.999252 0.0380623 -0 -0.0734675 -0.0384704 -0.996555 0 0.997273 0.00412014 -0.0736792 -0 16.2224 -9.58652 143.733 1 
joint x_bot_rightforearm x_bot_rightarm
0.999977 -0.002236 -0.006376 0 0.001932 0.998876 -0.047358 0 0.006475 0.047344 0.998858 0 -0.193222 27.8207 -1.05967 1 0.00893252 -0.999918 -0.00924545 -0 -0.0670255 0.00862516 -0.997713 0 0.997711 0.00953108 -0.0669429 -0 15.5757 -44.1905 142.963 1 
joint x_bot_righthand x_bot_rightforearm
0.992658 0.111577 -0.046691 0 -0.111005 0.993711 0.014684 0 0.048036 -0.009393 0.998801 0 -0.252989 28.3265 0.261912 1 -0.10227 -0.994757 0.000587198 0 -0.0189866 0.0013609 -0.999818 0 0.994576 -0.102263 -0.0190263 -0 0.958358 -71.7226 143.971 1 
joint x_bot_righthandpinky1 x_bot_righthand
0.99246 -0.12253 0.002921 0 0.122558 0.992377 -0.01292 0 -0.001315 0.01318 0.999912 0 -2.95035 8.4229 0.554315 1 0.0203911 -0.999717 -0.0123898 -0 -0.02193 0.0119407 -0.999688 0 0.999552 0.0206558 -0.0216811 -0 14.1183 -80.9085 142.343 1 
joint x_bot_righthandpinky2 x_bot_righthandpinky1
0.999856 0.016981 0.000325 0 -0.016982 0.999303 0.033245 0 0.00024 -0.033245 0.999447 0 -0.07336 3.59901 0.044561 1 0.00340836 -0.999778 0.0208583 -0 -0.0220487 -0.0209291 -0.999538 0 0.999752 0.00294584 -0.0221161 -0 12.8008 -79.959 145.033 1 
joint x_bot_righthandpinky3 x_bot_righthandpinky2
0.999955 -0.009506 -9.9e-05 0 0.0095 0.999659 -0.024303 0 0.00033 0.024301 0.999705 0 -0.007192 2.11374 -0.044115 1 0.0129092 -0.999912 -0.00344236 -0 -0.0217498 0.00316036 -0.999758 0 0.99968 0.0129808 -0.0217081 -0 13.5732 -85.4489 143.044 1 
joint x_bot_righthandpinky4 x_bot_righthandpinky3
1 0 0 0 0 1 -0 0 0 0 1 0 -0.025506 1.97551 0.006819 1 0.0129092 -0.999912 -0.00344236 -0 -0.0217498 0.00316036 -0.999758 0 0.99968 0.0129808 -0.0217081 -0 13.5987 -87.4244 143.037 1 
joint x_bot_righthandring1 x_bot_righthand
0.995705 -0.092584 0.000523 0 0.092584 0.995705 -0.000655 0 -0.00046 0.000701 1 0 -0.92314 9.24652 0.073197 1 -0.00973176 -0.999953 -6.26811e-05 0 -0.0195539 0.000252471 -0.999808 0 0.999761 -0.00972871 -0.0195556 -0 9.44508 -80.5415 143.84 1 
joint x_bot_righthandring2 x_bot_righthandring1
0.999984 0.005653 -0.000612 0 -0.005675 0.999021 -0.043879 0 0.000363 0.043881 0.999037 0 0.030743 3.15388 0.000173 1 -0.0153849 -0.998916 -0.0439458 0 -0.0189406 0.044233 -0.998841 0 0.999702 -0.0145342 -0.0196004 -0 8.85302 -89.9782 140.032 1 
joint x_bot_righthandring3 x_bot_righthandring2
0.999882 -0.015323 -0.000916 0 0.015347 0.996653 0.080295 0 -0.000317 -0.0803 0.996771 0 0.045155 2.93448 0.12914 1 -3.65389e-05 -0.999337 0.0364135 0 -0.0187008 -0.0364081 -0.999161 0 0.999825 -0.000716842 -0.0186873 -0 10.1023 -81.233 146.91 1 
joint x_bot_righthandring4 x_bot_righthandring3
1 -0 0 0 0 1 -0 0 0 -0 1 0 9.2e-05 2.6457 -0.096428 1 -3.65389e-05 -0.999337 0.0364135 0 -0.0187008 -0.0364081 -0.999161 0 0.999825 -0.000716842 -0.0186873 -0 10.1022 -83.8787 147.006 1 
joint x_bot_righthandmiddle1 x_bot_righthand
0.994613 -0.103644 -0.001425 0 0.103474 0.993604 -0.045204 0 0.006101 0.044813 0.998977 0 0.974899 9.48252 -0.005584 1 0.00138104 -0.999005 -0.0446155 -0 -0.0176006 0.0445833 -0.99885 0 0.999845 0.00216441 -0.0175216 -0 8.19481 -87.1959 140.19 1 
joint x_bot_righthandmiddle2 x_bot_righthandmiddle1
0.999738 -0.022903 -9.9e-05 0 0.022899 0.999463 0.023417 0 -0.000437 -0.023413 0.999726 0 -0.005132 3.69455 0.164982 1 0.0242653 -0.999482 -0.021214 -0 -0.0185179 0.0207664 -0.999612 0 0.999534 0.0246484 -0.0180048 -0 10.2655 -87.375 142.111 1 
joint x_bot_righthandmiddle3 x_bot_righthandmiddle2
0.999571 0.029286 -0.00035 0 -0.029268 0.999256 0.025131 0 0.001086 -0.02511 0.999684 0 -0.071607 2.94939 0.062601 1 -0.00500858 -0.999981 0.003916 0 -0.0175516 -0.00382833 -0.999838 0 0.999834 -0.00507673 -0.0175328 -0 7.63771 -86.9898 144.283 1 
joint x_bot_righthandmiddle4 x_bot_righthandmiddle3
1 0 -0 0 0 1 0 0 0 -0 1 0 0.014247 2.83384 -0.011108 1 -0.00500858 -0.999981 0.003916 0 -0.0175516 -0.00382833 -0.999838 0 0.999834 -0.00507673 -0.0175328 -0 7.62346 -89.8237 144.294 1 
joint x_bot_righthandindex1 x_bot_righthand
0.995293 -0.096912 0.000597 0 0.096895 0.995202 0.013554 0 -0.001907 -0.013433 0.999908 0 3.18895 8.82872 0.469375 1 -0.00538395 -0.999887 0.0141442 0 -0.0196253 -0.0140375 -0.999709 0 0.999793 -0.00566037 -0.0195483 -0 5.67186 -78.436 144.575 1 
joint x_bot_righthandindex2 x_bot_righthandindex1
1 0.000469 -0.000497 0 -0.000493 0.998815 -0.048676 0 0.000474 0.048676 0.998815 0 0.019823 3.67599 -0.052022 1 -0.00586028 -0.999387 -0.0345458 0 -0.0191345 0.0346504 -0.999215 0 0.999799 -0.00519466 -0.0193271 -0 5.54155 -89.0572 140.461 1 
joint x_bot_righthandindex3 x_bot_righthandindex2
0.999361 -0.035699 -0.001819 0 0.035571 0.998223 -0.047802 0 0.003522 0.047707 0.998855 0 0.016934 2.88129 0.099644 1 0.029883 -0.996168 -0.0822044 -0 -0.018542 0.081673 -0.996486 0 0.999381 0.0313027 -0.0160313 -0 8.54788 -98.2882 135.834 1 
joint x_bot_righthandindex4 x_bot_righthandindex3
1 0 0 0 -0 1 -0 0 0 0 1 0 -0.071477 2.38355 0.196665 1 0.029883 -0.996168 -0.0822044 -0 -0.018542 0.081673 -0.996486 0 0.999381 0.0313027 -0.0160313 -0 8.61936 -100.672 135.638 1 
joint x_bot_righthandthumb1 x_bot_righthand
0.835821 -0.548941 0.008214 0 0.512509 0.785538 0.346792 0 -0.196821 -0.285647 0.937906 0 2.94932 2.17548 1.52117 1 0.460589 -0.83363 0.304828 -0 -0.0248287 -0.355392 -0.934388 0 0.887267 0.422799 -0.184387 -0 40.0717 -9.66946 155.105 1 
joint x_bot_righthandthumb2 x_bot_righthandthumb1
0.979616 -0.199559 -0.023009 0 0.200853 0.971102 0.128917 0 -0.003382 -0.130911 0.991388 0 0.213203 4.14354 0.414005 1 0.610545 -0.677731 0.409776 -0 0.068099 -0.470567 -0.879733 0 0.789049 0.56502 -0.241149 -0 38.2431 14.5343 155.033 1 
joint x_bot_righthandthumb3 x_bot_righthandthumb2
0.976059 0.217427 -0.005818 0 -0.21702 0.971748 -0.092785 0 -0.014521 0.091826 0.995669 0 -0.515433 3.3837 -0.109017 1 0.446187 -0.829104 0.336903 -0 -0.0307278 -0.390425 -0.920122 0 0.894412 0.400192 -0.199679 -0 39.3525 -11.9706 154.931 1 
joint x_bot_righthandthumb4 x_bot_righthandthumb3
1 0 0 0 0 1 -0 0 0 -0 1 0 0.171922 2.51275 0.15448 1 0.446187 -0.829104 0.336903 -0 -0.0307278 -0.390425 -0.920122 0 0.894412 0.400192 -0.199679 -0 39.1806 -14.4834 154.777 1 
joint x_bot_leftupleg x_bot_hips
-1 -2e-06 -0 0 2e-06 -0.99997 0.007793 0 -0 0.007793 0.99997 0 8.20779 -6.75171 -1.59956 1 -1 9.99969e-07 -7.79299e-09 -0 -9.99939e-07 -0.999969 0.00779299 0 1.5586e-08 0.00779299 0.999969 -0 8.20789 97.5204 -0.714757 1 
joint x_bot_leftleg x_bot_leftupleg
1 -0 -0 0 -0 0.997102 -0.076082 0 0 0.076082 0.997102 0 0 44.3714 0 1 -1 9.97663e-07 6.83092e-08 -0 -9.99939e-07 -0.997663 -0.0683092 0 1.5586e-08 -0.0683092 0.997663 -0 8.20789 53.0494 3.331 1 
joint x_bot_leftfoot x_bot_leftleg
1 0 -0 0 -0 0.547428 0.836853 0 0 -0.836853 0.547428 0 0 44.5278 -0.001568 1 -1 6.03313e-07 -7.97503e-07 -0 -9.99938e-07 -0.603313 0.797503 0 1.5586e-08 0.797503 0.603313 -0 8.20789 7.45378 -5.30691 1 
joint x_bot_lefttoebase x_bot_leftfoot
1 -0 0 0 0 0.797548 0.603256 0 -0 -0.603256 0.797548 0 -0 13.8078 -0.499311 1 -1 7.29857e-11 -9.99999e-07 -0 -9.99939e-07 -7.29857e-05 0.999999 0 1.5586e-08 0.999999 7.29857e-05 -0 8.20789 -7.96788 -0.00116175 1 
joint x_bot_lefttoe_end x_bot_lefttoebase
0.996367 0.084997 0.005256 0 -0.085159 0.994468 0.061495 0 0 -0.061719 0.998094 0 0 9.27814 -0 1 -0.996368 0.0851593 -9.64382e-07 -0 0.00524872 0.0614222 0.998096 -0 0.084997 0.994471 -0.0616462 -0 6.71222 -17.8497 1.06325 1 
joint x_bot_rightupleg x_bot_hips
-1 -2e-06 -0 0 2e-06 -0.99997 0.007809 0 -0 0.007809 0.99997 0 -8.20779 -6.75167 -1.59956 1 -1 9.99969e-07 -7.80899e-09 -0 -9.99938e-07 -0.999969 0.00780899 0 1.5618e-08 0.00780899 0.999969 -0 -8.20769 97.5205 -0.716313 1 
joint x_bot_rightleg x_bot_rightupleg
1 0 0 0 0 0.997099 -0.076115 0 -0 0.076115 0.997099 0 -0 44.3715 5e-06 1 -1 9.97663e-07 6.83263e-08 -0 -9.99938e-07 -0.997663 -0.0683263 0 1.5618e-08 -0.0683263 0.997663 -0 -8.20769 53.0494 3.3312 1 
joint x_bot_rightfoot x_bot_rightleg
1 0 0 0 -0 0.547414 0.836862 0 0 -0.836862 0.547414 0 -0 44.5278 -0.001577 1 -1 6.03314e-07 -7.97503e-07 -0 -9.99938e-07 -0.603314 0.797503 0 1.5618e-08 0.797503 0.603314 -0 -8.20769 7.45389 -5.30695 1 
joint x_bot_righttoebase x_bot_rightfoot
1 -0 -0 0 0 0.797548 0.603256 0 0 -0.603256 0.797548 0 -0 13.8078 -0.499311 1 -1 7.34924e-11 -9.99999e-07 -0 -9.99938e-07 -7.34924e-05 0.999999 0 1.5618e-08 0.999999 7.34924e-05 -0 -8.20769 -7.96782 -0.00126517 1 
joint x_bot_righttoe_end x_bot_righttoebase
0.996367 0.084997 0.005256 0 -0.085159 0.994468 0.061495 0 0 -0.061719 0.998094 0 0 9.27812 -0 1 -0.996368 0.0851593 -9.64848e-07 -0 0.00524868 0.0614217 0.998097 -0 0.084997 0.994471 -0.0616458 -0 -9.64373 -16.4516 1.06314 1 
