<?xml version="1.0" encoding="utf-8"?>
<COLLADA xmlns="http://www.collada.org/2005/11/COLLADASchema" version="1.4.1">
  <asset><contributor><author>Mixamo</author><authoring_tool>COLLADA Mixamo exporter</authoring_tool><comments></comments></contributor><created>2017-07-28T08:36:26Z</created><modified>2017-07-28T08:36:26Z</modified><revision></revision><title></title><unit meter="0.010000"/><up_axis>Y_UP</up_axis></asset>
  <library_animations>
    <animation id="mixamorig_Hips-anim" name="mixamorig_Hips"><source id="mixamorig_Hips-Matrix-animation-input"><float_array id="mixamorig_Hips-Matrix-animation-input-array" count="261">

0.000000 0.033333 0.066667 0.100000 0.133333 0.166667 0.200000 0.233333 0.266667 0.300000 0.333333 0.366667 0.400000 0.433333 0.466667 0.500000
0.533333 0.566667 0.600000 0.633333 0.666667 0.700000 0.733333 0.766667 0.800000 0.833333 0.866667 0.900000 0.933333 0.966667 1.000000 1.033333
1.066667 1.100000 1.133333 1.166667 1.200000 1.233333 1.266667 1.300000 1.333333 1.366667 1.400000 1.433333 1.466667 1.500000 1.533333 1.566667
1.600000 1.633333 1.666667 1.700000 1.733333 1.766667 1.800000 1.833333 1.866667 1.900000 1.933333 1.966667 2.000000 2.033333 2.066667 2.100000
2.133333 2.166667 2.200000 2.233333 2.266667 2.300000 2.333333 2.366667 2.400000 2.433333 2.466667 2.500000 2.533333 2.566667 2.600000 2.633333
2.666667 2.700000 2.733333 2.766667 2.800000 2.833333 2.866667 2.900000 2.933333 2.966667 3.000000 3.033333 3.066667 3.100000 3.133333 3.166667
3.200000 3.233333 3.266667 3.300000 3.333333 3.366667 3.400000 3.433333 3.466667 3.500000 3.533333 3.566667 3.600000 3.633333 3.666667 3.700000
3.733333 3.766667 3.800000 3.833333 3.866667 3.900000 3.933333 3.966667 4.000000 4.033333 4.066667 4.100000 4.133333 4.166667 4.200000 4.233333
4.266667 4.300000 4.333333 4.366667 4.400000 4.433333 4.466667 4.500000 4.533333 4.566667 4.600000 4.633333 4.666667 4.700000 4.733333 4.766667
4.800000 4.833333 4.866667 4.900000 4.933333 4.966667 5.000000 5.033333 5.066667 5.100000 5.133333 5.166667 5.200000 5.233333 5.266667 5.300000
5.333333 5.366667 5.400000 5.433333 5.466667 5.500000 5.533333 5.566667 5.600000 5.633333 5.666667 5.700000 5.733333 5.766667 5.800000 5.833333
5.866667 5.900000 5.933333 5.966667 6.000000 6.033333 6.066667 6.100000 6.133333 6.166667 6.200000 6.233333 6.266667 6.300000 6.333333 6.366667
6.400000 6.433333 6.466667 6.500000 6.533333 6.566667 6.600000 6.633333 6.666667 6.700000 6.733333 6.766667 6.800000 6.833333 6.866667 6.900000
6.933333 6.966667 7.000000 7.033333 7.066667 7.100000 7.133333 7.166667 7.200000 7.233333 7.266667 7.300000 7.333333 7.366667 7.400000 7.433333
7.466667 7.500000 7.533333 7.566667 7.600000 7.633333 7.666667 7.700000 7.733333 7.766667 7.800000 7.833333 7.866667 7.900000 7.933333 7.966667
8.000000 8.033333 8.066667 8.100000 8.133333 8.166667 8.200000 8.233333 8.266667 8.300000 8.333333 8.366667 8.400000 8.433333 8.466667 8.500000
8.533333 8.566667 8.600000 8.633333 8.666667</float_array><technique_common><accessor source="#mixamorig_Hips-Matrix-animation-input-array" count="261"><param name="TIME" type="float"/></accessor></technique_common></source><source id="mixamorig_Hips-Matrix-animation-output-transform"><float_array id="mixamorig_Hips-Matrix-animation-output-transform-array" count="4176">

0.990476 0.086095 -0.107450 -1.274136 -0.079962 0.994982 0.060148 100.625870 0.112089 -0.050983 0.992389 1.567054 0.000000 0.000000 0.000000 1.000000
0.990545 0.085938 -0.106940 -1.272665 -0.079872 0.995011 0.059775 100.629837 0.111544 -0.050669 0.992467 1.587981 0.000000 0.000000 0.000000 1.000000
0.990611 0.085752 -0.106476 -1.271023 -0.079747 0.995042 0.059434 100.634140 0.111044 -0.050385 0.992537 1.609886 0.000000 0.000000 0.000000 1.000000
0.990664 0.085410 -0.106254 -1.268454 -0.079435 0.995077 0.059259 100.640305 0.110792 -0.050266 0.992572 1.637291 0.000000 0.000000 0.000000 1.000000
0.990716 0.085045 -0.106066 -1.265805 -0.079094 0.995113 0.059108 100.646835 0.110574 -0.050170 0.992601 1.666135 0.000000 0.000000 0.000000 1.000000
0.990765 0.084651 -0.105922 -1.262996 -0.078719 0.995150 0.058988 100.653717 0.110401 -0.050105 0.992623 1.696072 0.000000 0.000000 0.000000 1.000000
0.990808 0.084187 -0.105890 -1.259708 -0.078260 0.995189 0.058944 100.661346 0.110343 -0.050115 0.992629 1.727875 0.000000 0.000000 0.000000 1.000000
0.990840 0.083611 -0.106040 -1.255622 -0.077665 0.995231 0.059024 100.670128 0.110469 -0.050247 0.992609 1.762321 0.000000 0.000000 0.000000 1.000000
0.990855 0.082832 -0.106518 -1.250240 -0.076825 0.995278 0.059322 100.681213 0.110929 -0.050596 0.992540 1.802194 0.000000 0.000000 0.000000 1.000000
0.990827 0.081614 -0.107705 -1.242165 -0.075454 0.995337 0.060087 100.697380 0.112106 -0.051409 0.992365 1.854436 0.000000 0.000000 0.000000 1.000000
0.990770 0.080150 -0.109323 -1.230904 -0.073775 0.995397 0.061172 100.714417 0.113723 -0.052542 0.992122 1.906772 0.000000 0.000000 0.000000 1.000000
0.990676 0.078465 -0.111379 -1.215400 -0.071807 0.995453 0.062594 100.730850 0.115784 -0.054013 0.991805 1.953076 0.000000 0.000000 0.000000 1.000000
0.990555 0.076639 -0.113700 -1.197275 -0.069650 0.995502 0.064227 100.746841 0.118111 -0.055701 0.991437 1.996918 0.000000 0.000000 0.000000 1.000000
0.990443 0.075057 -0.115715 -1.176166 -0.067755 0.995530 0.065800 100.757355 0.120136 -0.057331 0.991101 2.033318 0.000000 0.000000 0.000000 1.000000
0.990426 0.073494 -0.116856 -1.169294 -0.066005 0.995586 0.066715 100.767288 0.121244 -0.058363 0.990906 2.074871 0.000000 0.000000 0.000000 1.000000
0.990484 0.071651 -0.117502 -1.180997 -0.064079 0.995693 0.066999 100.784546 0.121797 -0.058832 0.990810 2.132607 0.000000 0.000000 0.000000 1.000000
0.990542 0.069789 -0.118135 -1.192923 -0.062138 0.995799 0.067262 100.802063 0.122333 -0.059285 0.990717 2.190757 0.000000 0.000000 0.000000 1.000000
0.990598 0.067913 -0.118757 -1.205084 -0.060184 0.995902 0.067508 100.819817 0.122855 -0.059726 0.990626 2.249274 0.000000 0.000000 0.000000 1.000000
0.990652 0.066026 -0.119367 -1.217494 -0.058220 0.996003 0.067738 100.837738 0.123363 -0.060156 0.990537 2.308111 0.000000 0.000000 0.000000 1.000000
0.990704 0.064131 -0.119969 -1.230165 -0.056252 0.996101 0.067955 100.855812 0.123860 -0.060575 0.990449 2.367223 0.000000 0.000000 0.000000 1.000000
0.990753 0.062233 -0.120564 -1.243109 -0.054280 0.996197 0.068159 100.873985 0.124347 -0.060985 0.990363 2.426561 0.000000 0.000000 0.000000 1.000000
0.990799 0.060334 -0.121152 -1.256340 -0.052310 0.996289 0.068353 100.892212 0.124827 -0.061387 0.990278 2.486081 0.000000 0.000000 0.000000 1.000000
0.990841 0.058438 -0.121736 -1.269869 -0.050344 0.996377 0.068540 100.910454 0.125300 -0.061783 0.990193 2.545736 0.000000 0.000000 0.000000 1.000000
0.990879 0.056550 -0.122316 -1.283711 -0.048385 0.996462 0.068720 100.928658 0.125769 -0.062174 0.990109 2.605479 0.000000 0.000000 0.000000 1.000000
0.990913 0.054672 -0.122894 -1.297876 -0.046438 0.996543 0.068895 100.946808 0.126236 -0.062562 0.990025 2.665264 0.000000 0.000000 0.000000 1.000000
0.990942 0.052808 -0.123472 -1.312379 -0.044505 0.996619 0.069068 100.964836 0.126702 -0.062947 0.989941 2.725044 0.000000 0.000000 0.000000 1.000000
0.990966 0.050963 -0.124051 -1.327232 -0.042589 0.996690 0.069241 100.982697 0.127169 -0.063332 0.989857 2.784774 0.000000 0.000000 0.000000 1.000000
0.990985 0.049139 -0.124633 -1.342447 -0.040695 0.996758 0.069414 101.000374 0.127640 -0.063717 0.989772 2.844405 0.000000 0.000000 0.000000 1.000000
0.990999 0.047340 -0.125218 -1.358037 -0.038825 0.996820 0.069591 101.017799 0.128115 -0.064103 0.989686 2.903893 0.000000 0.000000 0.000000 1.000000
0.991007 0.045570 -0.125809 -1.374014 -0.036982 0.996877 0.069773 101.034958 0.128596 -0.064493 0.989598 2.963191 0.000000 0.000000 0.000000 1.000000
0.991010 0.043833 -0.126407 -1.390393 -0.035171 0.996930 0.069961 101.051773 0.129085 -0.064886 0.989508 3.022251 0.000000 0.000000 0.000000 1.000000
0.990950 0.043744 -0.126905 -1.442060 -0.035018 0.996918 0.070195 101.054199 0.129584 -0.065116 0.989428 3.078638 0.000000 0.000000 0.000000 1.000000
0.990838 0.043916 -0.127714 -1.495435 -0.035071 0.996881 0.070694 101.056801 0.130420 -0.065567 0.989288 3.127745 0.000000 0.000000 0.000000 1.000000
0.990679 0.043848 -0.128970 -1.544172 -0.034844 0.996849 0.071259 101.062950 0.131688 -0.066101 0.989085 3.172979 0.000000 0.000000 0.000000 1.000000
0.990459 0.043404 -0.130795 -1.587646 -0.034215 0.996839 0.071703 101.073914 0.133494 -0.066544 0.988813 3.220245 0.000000 0.000000 0.000000 1.000000
0.990192 0.042713 -0.133024 -1.627585 -0.033329 0.996848 0.071994 101.088692 0.135680 -0.066854 0.988495 3.272942 0.000000 0.000000 0.000000 1.000000
0.989908 0.041982 -0.135347 -1.665619 -0.032394 0.996858 0.072282 101.104294 0.137957 -0.067168 0.988158 3.326339 0.000000 0.000000 0.000000 1.000000
0.989611 0.041269 -0.137719 -1.700414 -0.031457 0.996859 0.072682 101.119911 0.140286 -0.067595 0.987801 3.381701 0.000000 0.000000 0.000000 1.000000
0.989340 0.040960 -0.139744 -1.725494 -0.030904 0.996824 0.073388 101.133270 0.142306 -0.068288 0.987464 3.416510 0.000000 0.000000 0.000000 1.000000
0.989087 0.040816 -0.141568 -1.747756 -0.030508 0.996774 0.074240 101.146034 0.144142 -0.069111 0.987141 3.440798 0.000000 0.000000 0.000000 1.000000
0.988836 0.040767 -0.143322 -1.768331 -0.030204 0.996717 0.075119 101.157997 0.145914 -0.069952 0.986821 3.461101 0.000000 0.000000 0.000000 1.000000
0.988585 0.040873 -0.145014 -1.786345 -0.030065 0.996658 0.075955 101.167892 0.147634 -0.070728 0.986510 3.477438 0.000000 0.000000 0.000000 1.000000
0.988338 0.041462 -0.146524 -1.795472 -0.030443 0.996593 0.076658 101.169632 0.149203 -0.071303 0.986232 3.482706 0.000000 0.000000 0.000000 1.000000
0.988110 0.043481 -0.147469 -1.785040 -0.032386 0.996519 0.076823 101.159126 0.150296 -0.071134 0.986079 3.448316 0.000000 0.000000 0.000000 1.000000
0.987887 0.045973 -0.148209 -1.769800 -0.034848 0.996437 0.076808 101.147255 0.151212 -0.070713 0.985969 3.400926 0.000000 0.000000 0.000000 1.000000
0.987656 0.048647 -0.148891 -1.751986 -0.037512 0.996348 0.076705 101.133690 0.152079 -0.070173 0.985874 3.347915 0.000000 0.000000 0.000000 1.000000
0.987410 0.051435 -0.149586 -1.731319 -0.040309 0.996256 0.076483 101.116997 0.152960 -0.069491 0.985786 3.289798 0.000000 0.000000 0.000000 1.000000
0.987090 0.054700 -0.150538 -1.699087 -0.043650 0.996170 0.075759 101.086937 0.154105 -0.068210 0.985697 3.211136 0.000000 0.000000 0.000000 1.000000
0.986880 0.058197 -0.150600 -1.653615 -0.047369 0.996094 0.074515 101.040276 0.154349 -0.066404 0.985782 3.112187 0.000000 0.000000 0.000000 1.000000
0.986944 0.060945 -0.149085 -1.606599 -0.050471 0.996050 0.073057 100.999649 0.152949 -0.064579 0.986122 3.010367 0.000000 0.000000 0.000000 1.000000
0.987227 0.062853 -0.146398 -1.565219 -0.052828 0.996049 0.071385 100.976097 0.150307 -0.062739 0.986647 2.905022 0.000000 0.000000 0.000000 1.000000
0.987482 0.064404 -0.143985 -1.521074 -0.054790 0.996057 0.069770 100.961906 0.147911 -0.061008 0.987117 2.806745 0.000000 0.000000 0.000000 1.000000
0.987527 0.065544 -0.143160 -1.466975 -0.056186 0.996071 0.068459 100.962639 0.147085 -0.059562 0.987329 2.728414 0.000000 0.000000 0.000000 1.000000
0.987445 0.066304 -0.143374 -1.405823 -0.057103 0.996093 0.067366 100.975464 0.147280 -0.058333 0.987373 2.664931 0.000000 0.000000 0.000000 1.000000
0.987397 0.067090 -0.143337 -1.342243 -0.058042 0.996104 0.066399 100.984795 0.147233 -0.057243 0.987444 2.610390 0.000000 0.000000 0.000000 1.000000
0.987461 0.067953 -0.142487 -1.273464 -0.059053 0.996085 0.065790 100.984352 0.146400 -0.056551 0.987608 2.577318 0.000000 0.000000 0.000000 1.000000
0.987772 0.068811 -0.139896 -1.209459 -0.060094 0.996034 0.065609 100.978142 0.143856 -0.056400 0.987990 2.538543 0.000000 0.000000 0.000000 1.000000
0.987894 0.069770 -0.138553 -1.166981 -0.061098 0.995954 0.065892 100.968330 0.142590 -0.056629 0.988161 2.483480 0.000000 0.000000 0.000000 1.000000
0.987990 0.070761 -0.137364 -1.127063 -0.062115 0.995868 0.066244 100.957809 0.141484 -0.056916 0.988303 2.425700 0.000000 0.000000 0.000000 1.000000
0.988077 0.071763 -0.136210 -1.088062 -0.063138 0.995778 0.066625 100.946953 0.140417 -0.057230 0.988437 2.366875 0.000000 0.000000 0.000000 1.000000
0.988154 0.072765 -0.135117 -1.049915 -0.064156 0.995687 0.067017 100.936035 0.139410 -0.057554 0.988561 2.307537 0.000000 0.000000 0.000000 1.000000
0.988218 0.073756 -0.134109 -1.012561 -0.065159 0.995596 0.067403 100.925354 0.138490 -0.057871 0.988672 2.248214 0.000000 0.000000 0.000000 1.000000
0.988266 0.074723 -0.133213 -0.975941 -0.066136 0.995507 0.067768 100.915169 0.137679 -0.058163 0.988768 2.189438 0.000000 0.000000 0.000000 1.000000
0.988297 0.075655 -0.132456 -0.939992 -0.067074 0.995422 0.068094 100.905777 0.137001 -0.058412 0.988847 2.131738 0.000000 0.000000 0.000000 1.000000
0.988306 0.076536 -0.131886 -0.904796 -0.067958 0.995343 0.068360 100.897575 0.136504 -0.058597 0.988905 2.075789 0.000000 0.000000 0.000000 1.000000
0.988238 0.077283 -0.131955 -0.872921 -0.068689 0.995285 0.068485 100.892723 0.136626 -0.058615 0.988887 2.024259 0.000000 0.000000 0.000000 1.000000
0.988115 0.077927 -0.132501 -0.843916 -0.069302 0.995240 0.068514 100.890190 0.137209 -0.058517 0.988812 1.975445 0.000000 0.000000 0.000000 1.000000
0.987986 0.078546 -0.133096 -0.815887 -0.069886 0.995198 0.068539 100.887619 0.137841 -0.058414 0.988730 1.925988 0.000000 0.000000 0.000000 1.000000
0.987909 0.079219 -0.133270 -0.788327 -0.070536 0.995143 0.068664 100.881241 0.138062 -0.058433 0.988698 1.868896 0.000000 0.000000 0.000000 1.000000
0.987872 0.079780 -0.133205 -0.762062 -0.071070 0.995088 0.068916 100.875038 0.138049 -0.058613 0.988689 1.810996 0.000000 0.000000 0.000000 1.000000
0.987810 0.080225 -0.133403 -0.733067 -0.071466 0.995040 0.069201 100.875092 0.138293 -0.058823 0.988643 1.762625 0.000000 0.000000 0.000000 1.000000
0.987745 0.080635 -0.133637 -0.703755 -0.071824 0.994993 0.069493 100.876411 0.138571 -0.059043 0.988591 1.716836 0.000000 0.000000 0.000000 1.000000
0.987693 0.080963 -0.133817 -0.675628 -0.072108 0.994955 0.069755 100.878548 0.138790 -0.059248 0.988548 1.678775 0.000000 0.000000 0.000000 1.000000
0.987670 0.081158 -0.133872 -0.650023 -0.072274 0.994929 0.069947 100.881302 0.138870 -0.059409 0.988527 1.653553 0.000000 0.000000 0.000000 1.000000
0.987671 0.081198 -0.133839 -0.626614 -0.072302 0.994920 0.070049 100.885406 0.138847 -0.059508 0.988524 1.641747 0.000000 0.000000 0.000000 1.000000
0.987688 0.081168 -0.133731 -0.604576 -0.072267 0.994917 0.070131 100.889923 0.138744 -0.059604 0.988533 1.637340 0.000000 0.000000 0.000000 1.000000
0.987713 0.081166 -0.133551 -0.583155 -0.072255 0.994907 0.070276 100.893608 0.138575 -0.059762 0.988547 1.633863 0.000000 0.000000 0.000000 1.000000
0.987777 0.081325 -0.132977 -0.563165 -0.072394 0.994869 0.070677 100.893288 0.138043 -0.060187 0.988596 1.632253 0.000000 0.000000 0.000000 1.000000
0.987795 0.081625 -0.132662 -0.547906 -0.072587 0.994789 0.071600 100.889084 0.137815 -0.061097 0.988572 1.624096 0.000000 0.000000 0.000000 1.000000
0.987748 0.081980 -0.132787 -0.533041 -0.072755 0.994682 0.072905 100.884224 0.138058 -0.062351 0.988460 1.607651 0.000000 0.000000 0.000000 1.000000
0.987718 0.082234 -0.132859 -0.526347 -0.072914 0.994622 0.073558 100.879189 0.138194 -0.062968 0.988402 1.592565 0.000000 0.000000 0.000000 1.000000
0.987717 0.082384 -0.132772 -0.527258 -0.073082 0.994615 0.073478 100.874123 0.138110 -0.062873 0.988419 1.580397 0.000000 0.000000 0.000000 1.000000
0.987718 0.082546 -0.132663 -0.528700 -0.073271 0.994611 0.073348 100.868774 0.138003 -0.062727 0.988443 1.567814 0.000000 0.000000 0.000000 1.000000
0.987720 0.082716 -0.132540 -0.530631 -0.073474 0.994609 0.073172 100.863220 0.137878 -0.062535 0.988473 1.554981 0.000000 0.000000 0.000000 1.000000
0.987724 0.082888 -0.132406 -0.533005 -0.073686 0.994609 0.072957 100.857574 0.137739 -0.062305 0.988507 1.542061 0.000000 0.000000 0.000000 1.000000
0.987728 0.083055 -0.132266 -0.535778 -0.073898 0.994612 0.072707 100.851906 0.137592 -0.062040 0.988544 1.529217 0.000000 0.000000 0.000000 1.000000
0.987734 0.083213 -0.132127 -0.538905 -0.074104 0.994617 0.072427 100.846306 0.137442 -0.061748 0.988583 1.516615 0.000000 0.000000 0.000000 1.000000
0.987740 0.083354 -0.131992 -0.542343 -0.074297 0.994625 0.072124 100.840874 0.137294 -0.061433 0.988623 1.504418 0.000000 0.000000 0.000000 1.000000
0.987746 0.083474 -0.131867 -0.546046 -0.074470 0.994635 0.071801 100.835678 0.137153 -0.061101 0.988664 1.492789 0.000000 0.000000 0.000000 1.000000
0.987753 0.083566 -0.131757 -0.549971 -0.074617 0.994648 0.071466 100.830826 0.137024 -0.060759 0.988702 1.481892 0.000000 0.000000 0.000000 1.000000
0.987760 0.083625 -0.131668 -0.554073 -0.074729 0.994664 0.071122 100.826393 0.136913 -0.060412 0.988739 1.471892 0.000000 0.000000 0.000000 1.000000
0.987767 0.083645 -0.131603 -0.558307 -0.074801 0.994684 0.070775 100.822479 0.136823 -0.060065 0.988773 1.462952 0.000000 0.000000 0.000000 1.000000
0.987774 0.083620 -0.131568 -0.562630 -0.074825 0.994706 0.070431 100.819160 0.136761 -0.059726 0.988802 1.455235 0.000000 0.000000 0.000000 1.000000
0.987780 0.083482 -0.131612 -0.567543 -0.074738 0.994741 0.070035 100.817451 0.136767 -0.059343 0.988824 1.450288 0.000000 0.000000 0.000000 1.000000
0.987783 0.082933 -0.131933 -0.575577 -0.074262 0.994824 0.069350 100.821564 0.137002 -0.058705 0.988830 1.455185 0.000000 0.000000 0.000000 1.000000
0.987791 0.082107 -0.132388 -0.585422 -0.073505 0.994932 0.068613 100.828796 0.137350 -0.058044 0.988820 1.467947 0.000000 0.000000 0.000000 1.000000
0.987813 0.081205 -0.132781 -0.595143 -0.072640 0.995028 0.068134 100.835320 0.137653 -0.057659 0.988801 1.485064 0.000000 0.000000 0.000000 1.000000
0.987850 0.080369 -0.133014 -0.603286 -0.071799 0.995096 0.068029 100.839134 0.137829 -0.057652 0.988777 1.503326 0.000000 0.000000 0.000000 1.000000
0.987888 0.079542 -0.133228 -0.610215 -0.070961 0.995161 0.067967 100.842621 0.137989 -0.057689 0.988752 1.521767 0.000000 0.000000 0.000000 1.000000
0.987927 0.078716 -0.133432 -0.616237 -0.070123 0.995223 0.067927 100.846001 0.138142 -0.057751 0.988727 1.540407 0.000000 0.000000 0.000000 1.000000
0.987966 0.077890 -0.133630 -0.621629 -0.069281 0.995283 0.067909 100.849274 0.138289 -0.057834 0.988702 1.559267 0.000000 0.000000 0.000000 1.000000
0.988005 0.077061 -0.133822 -0.626667 -0.068435 0.995342 0.067909 100.852470 0.138431 -0.057936 0.988676 1.578371 0.000000 0.000000 0.000000 1.000000
0.988044 0.076228 -0.134009 -0.631629 -0.067583 0.995399 0.067925 100.855621 0.138571 -0.058056 0.988649 1.597742 0.000000 0.000000 0.000000 1.000000
0.988083 0.075390 -0.134195 -0.636791 -0.066723 0.995455 0.067956 100.858749 0.138708 -0.058192 0.988622 1.617401 0.000000 0.000000 0.000000 1.000000
0.988122 0.074543 -0.134380 -0.642428 -0.065853 0.995510 0.067999 100.861877 0.138845 -0.058342 0.988594 1.637373 0.000000 0.000000 0.000000 1.000000
0.988161 0.073686 -0.134565 -0.648819 -0.064971 0.995564 0.068052 100.865028 0.138983 -0.058504 0.988565 1.657679 0.000000 0.000000 0.000000 1.000000
0.988200 0.072818 -0.134754 -0.656240 -0.064076 0.995618 0.068113 100.868233 0.139123 -0.058675 0.988535 1.678343 0.000000 0.000000 0.000000 1.000000
0.988238 0.071936 -0.134946 -0.664967 -0.063166 0.995671 0.068180 100.871498 0.139267 -0.058854 0.988504 1.699386 0.000000 0.000000 0.000000 1.000000
0.988276 0.071038 -0.135145 -0.675276 -0.062240 0.995725 0.068251 100.874878 0.139415 -0.059039 0.988472 1.720832 0.000000 0.000000 0.000000 1.000000
0.988313 0.070122 -0.135351 -0.687446 -0.061295 0.995779 0.068323 100.878372 0.139570 -0.059228 0.988439 1.742704 0.000000 0.000000 0.000000 1.000000
0.988350 0.069188 -0.135566 -0.701751 -0.060330 0.995833 0.068394 100.882019 0.139733 -0.059419 0.988405 1.765024 0.000000 0.000000 0.000000 1.000000
0.988385 0.068231 -0.135792 -0.718470 -0.059343 0.995887 0.068463 100.885834 0.139905 -0.059609 0.988369 1.787815 0.000000 0.000000 0.000000 1.000000
0.988422 0.067238 -0.136016 -0.738515 -0.058318 0.995943 0.068536 100.889854 0.140072 -0.059811 0.988333 1.811309 0.000000 0.000000 0.000000 1.000000
0.988467 0.066180 -0.136207 -0.763193 -0.057227 0.995999 0.068636 100.894096 0.140204 -0.060049 0.988300 1.835947 0.000000 0.000000 0.000000 1.000000
0.988517 0.065070 -0.136378 -0.791830 -0.056081 0.996056 0.068756 100.898521 0.140314 -0.060318 0.988268 1.861592 0.000000 0.000000 0.000000 1.000000
0.988570 0.063921 -0.136544 -0.823669 -0.054894 0.996113 0.068892 100.903122 0.140417 -0.060609 0.988236 1.888084 0.000000 0.000000 0.000000 1.000000
0.988621 0.062747 -0.136719 -0.857954 -0.053679 0.996169 0.069037 100.907867 0.140527 -0.060913 0.988201 1.915262 0.000000 0.000000 0.000000 1.000000
0.988668 0.061562 -0.136916 -0.893926 -0.052451 0.996224 0.069186 100.912727 0.140658 -0.061221 0.988164 1.942965 0.000000 0.000000 0.000000 1.000000
0.988708 0.060378 -0.137150 -0.930831 -0.051223 0.996278 0.069332 100.917679 0.140826 -0.061524 0.988121 1.971031 0.000000 0.000000 0.000000 1.000000
0.988740 0.059210 -0.137435 -0.967911 -0.050008 0.996330 0.069470 100.922699 0.141044 -0.061815 0.988072 1.999300 0.000000 0.000000 0.000000 1.000000
0.988758 0.058071 -0.137784 -1.004410 -0.048821 0.996380 0.069593 100.927750 0.141327 -0.062084 0.988014 2.027610 0.000000 0.000000 0.000000 1.000000
0.988762 0.056976 -0.138212 -1.039571 -0.047675 0.996428 0.069695 100.932823 0.141689 -0.062323 0.987947 2.055801 0.000000 0.000000 0.000000 1.000000
0.988749 0.055937 -0.138733 -1.072638 -0.046584 0.996475 0.069770 100.937881 0.142146 -0.062523 0.987869 2.083710 0.000000 0.000000 0.000000 1.000000
0.988688 0.054938 -0.139564 -1.102801 -0.045520 0.996522 0.069798 100.943665 0.142913 -0.062656 0.987750 2.112447 0.000000 0.000000 0.000000 1.000000
0.988464 0.053940 -0.141525 -1.129361 -0.044403 0.996579 0.069702 100.952782 0.144801 -0.062614 0.987478 2.146454 0.000000 0.000000 0.000000 1.000000
0.988179 0.053267 -0.143752 -1.152448 -0.043613 0.996629 0.069494 100.961006 0.146969 -0.062403 0.987171 2.179150 0.000000 0.000000 0.000000 1.000000
0.987977 0.053288 -0.145129 -1.172285 -0.043589 0.996649 0.069211 100.963150 0.148331 -0.062053 0.986989 2.202351 0.000000 0.000000 0.000000 1.000000
0.987922 0.054052 -0.145221 -1.189903 -0.044401 0.996635 0.068895 100.957642 0.148456 -0.061615 0.986998 2.213804 0.000000 0.000000 0.000000 1.000000
0.987884 0.054949 -0.145142 -1.207355 -0.045359 0.996614 0.068578 100.950890 0.148419 -0.061164 0.987031 2.223983 0.000000 0.000000 0.000000 1.000000
0.987854 0.055936 -0.144966 -1.224670 -0.046414 0.996587 0.068259 100.943352 0.148289 -0.060702 0.987079 2.233417 0.000000 0.000000 0.000000 1.000000
0.987832 0.057002 -0.144701 -1.241783 -0.047554 0.996556 0.067935 100.935120 0.148076 -0.060227 0.987140 2.242059 0.000000 0.000000 0.000000 1.000000
0.987816 0.058136 -0.144358 -1.258631 -0.048769 0.996520 0.067605 100.926308 0.147786 -0.059741 0.987213 2.249866 0.000000 0.000000 0.000000 1.000000
0.987806 0.059326 -0.143944 -1.275149 -0.050045 0.996479 0.067265 100.917000 0.147428 -0.059241 0.987297 2.256792 0.000000 0.000000 0.000000 1.000000
0.987800 0.060562 -0.143470 -1.291272 -0.051372 0.996435 0.066914 100.907303 0.147011 -0.058728 0.987390 2.262792 0.000000 0.000000 0.000000 1.000000
0.987797 0.061831 -0.142945 -1.306937 -0.052738 0.996388 0.066551 100.897324 0.146543 -0.058200 0.987491 2.267821 0.000000 0.000000 0.000000 1.000000
0.987798 0.063122 -0.142377 -1.322080 -0.054130 0.996339 0.066172 100.887146 0.146033 -0.057658 0.987598 2.271834 0.000000 0.000000 0.000000 1.000000
0.987800 0.064424 -0.141777 -1.336635 -0.055537 0.996288 0.065776 100.876869 0.145488 -0.057100 0.987711 2.274785 0.000000 0.000000 0.000000 1.000000
0.987804 0.065725 -0.141152 -1.350539 -0.056947 0.996235 0.065361 100.866608 0.144917 -0.056526 0.987828 2.276630 0.000000 0.000000 0.000000 1.000000
0.987808 0.067015 -0.140513 -1.363728 -0.058348 0.996183 0.064925 100.856461 0.144328 -0.055935 0.987948 2.277324 0.000000 0.000000 0.000000 1.000000
0.987814 0.068288 -0.139855 -1.376014 -0.059736 0.996130 0.064464 100.846458 0.143716 -0.055324 0.988071 2.276502 0.000000 0.000000 0.000000 1.000000
0.987851 0.069670 -0.138910 -1.384970 -0.061262 0.996073 0.063917 100.835541 0.142817 -0.054631 0.988240 2.268044 0.000000 0.000000 0.000000 1.000000
0.987916 0.071167 -0.137688 -1.390630 -0.062930 0.996010 0.063282 100.823669 0.141642 -0.053853 0.988452 2.252374 0.000000 0.000000 0.000000 1.000000
0.987989 0.072716 -0.136343 -1.394260 -0.064664 0.995942 0.062587 100.811348 0.140341 -0.053019 0.988683 2.233143 0.000000 0.000000 0.000000 1.000000
0.988056 0.074257 -0.135026 -1.397128 -0.066391 0.995874 0.061860 100.799095 0.139062 -0.052157 0.988909 2.214001 0.000000 0.000000 0.000000 1.000000
0.988099 0.075727 -0.133888 -1.400500 -0.068034 0.995808 0.061133 100.787430 0.137957 -0.051296 0.989109 2.198596 0.000000 0.000000 0.000000 1.000000
0.988105 0.077063 -0.133082 -1.405644 -0.069519 0.995748 0.060437 100.776871 0.137173 -0.050466 0.989261 2.190580 0.000000 0.000000 0.000000 1.000000
0.988036 0.078180 -0.132936 -1.414039 -0.070772 0.995712 0.059576 100.767601 0.137023 -0.049455 0.989332 2.200675 0.000000 0.000000 0.000000 1.000000
0.987906 0.079089 -0.133366 -1.424299 -0.071799 0.995695 0.058616 100.759743 0.137428 -0.048331 0.989332 2.224907 0.000000 0.000000 0.000000 1.000000
0.987771 0.079866 -0.133902 -1.433393 -0.072645 0.995671 0.057976 100.753685 0.137952 -0.047540 0.989297 2.244882 0.000000 0.000000 0.000000 1.000000
0.987686 0.080591 -0.134094 -1.438495 -0.073358 0.995615 0.058047 100.749756 0.138184 -0.047496 0.989267 2.243289 0.000000 0.000000 0.000000 1.000000
0.987627 0.081301 -0.134101 -1.441872 -0.074011 0.995541 0.058484 100.746902 0.138258 -0.047835 0.989240 2.230495 0.000000 0.000000 0.000000 1.000000
0.987572 0.081992 -0.134088 -1.445024 -0.074631 0.995462 0.059040 100.744537 0.138320 -0.048300 0.989209 2.214924 0.000000 0.000000 0.000000 1.000000
0.987520 0.082669 -0.134054 -1.447880 -0.075224 0.995378 0.059695 100.742546 0.138370 -0.048866 0.989174 2.197001 0.000000 0.000000 0.000000 1.000000
0.987471 0.083333 -0.134001 -1.450364 -0.075793 0.995291 0.060426 100.740845 0.138405 -0.049513 0.989137 2.177150 0.000000 0.000000 0.000000 1.000000
0.987426 0.083986 -0.133929 -1.452404 -0.076345 0.995201 0.061212 100.739342 0.138427 -0.050217 0.989099 2.155796 0.000000 0.000000 0.000000 1.000000
0.987383 0.084631 -0.133838 -1.453925 -0.076885 0.995109 0.062029 100.737938 0.138433 -0.050956 0.989060 2.133364 0.000000 0.000000 0.000000 1.000000
0.987343 0.085269 -0.133731 -1.454854 -0.077418 0.995015 0.062857 100.736534 0.138424 -0.051708 0.989022 2.110280 0.000000 0.000000 0.000000 1.000000
0.987304 0.085903 -0.133606 -1.455116 -0.077950 0.994922 0.063673 100.735039 0.138398 -0.052450 0.988987 2.086967 0.000000 0.000000 0.000000 1.000000
0.987268 0.086535 -0.133466 -1.454639 -0.078485 0.994829 0.064456 100.733345 0.138354 -0.053160 0.988955 2.063851 0.000000 0.000000 0.000000 1.000000
0.987243 0.087155 -0.133248 -1.451286 -0.079015 0.994738 0.065215 100.731117 0.138231 -0.053855 0.988935 2.039548 0.000000 0.000000 0.000000 1.000000
0.987331 0.087530 -0.132347 -1.420717 -0.079338 0.994663 0.065960 100.727463 0.137414 -0.054624 0.989006 1.995240 0.000000 0.000000 0.000000 1.000000
0.987403 0.087743 -0.131667 -1.388902 -0.079600 0.994646 0.065896 100.728645 0.136744 -0.054585 0.989101 1.954895 0.000000 0.000000 0.000000 1.000000
0.987470 0.087888 -0.131065 -1.356073 -0.079817 0.994647 0.065623 100.730873 0.136130 -0.054340 0.989200 1.915850 0.000000 0.000000 0.000000 1.000000
0.987514 0.087946 -0.130694 -1.324727 -0.079933 0.994656 0.065347 100.732315 0.135743 -0.054085 0.989267 1.881976 0.000000 0.000000 0.000000 1.000000
0.987533 0.087899 -0.130582 -1.294109 -0.079940 0.994678 0.065001 100.733459 0.135601 -0.053752 0.989304 1.853482 0.000000 0.000000 0.000000 1.000000
0.987558 0.087874 -0.130409 -1.266504 -0.079950 0.994690 0.064812 100.733246 0.135412 -0.053579 0.989340 1.825162 0.000000 0.000000 0.000000 1.000000
0.987603 0.087943 -0.130022 -1.243571 -0.080024 0.994676 0.064933 100.730659 0.135040 -0.053723 0.989383 1.794553 0.000000 0.000000 0.000000 1.000000
0.987660 0.088048 -0.129520 -1.223836 -0.080116 0.994648 0.065237 100.726814 0.134570 -0.054056 0.989429 1.763277 0.000000 0.000000 0.000000 1.000000
0.987739 0.088146 -0.128851 -1.206867 -0.080190 0.994613 0.065686 100.723412 0.133946 -0.054548 0.989486 1.731253 0.000000 0.000000 0.000000 1.000000
0.987835 0.088266 -0.128028 -1.195240 -0.080274 0.994565 0.066305 100.719772 0.133184 -0.055221 0.989552 1.700081 0.000000 0.000000 0.000000 1.000000
0.987887 0.088443 -0.127504 -1.185882 -0.080426 0.994525 0.066719 100.715218 0.132706 -0.055656 0.989592 1.674607 0.000000 0.000000 0.000000 1.000000
0.987869 0.088648 -0.127499 -1.179058 -0.080618 0.994502 0.066833 100.711853 0.132722 -0.055744 0.989584 1.656055 0.000000 0.000000 0.000000 1.000000
0.987830 0.088863 -0.127655 -1.172840 -0.080818 0.994482 0.066885 100.708878 0.132894 -0.055754 0.989561 1.639677 0.000000 0.000000 0.000000 1.000000
0.987773 0.089080 -0.127940 -1.165840 -0.080996 0.994456 0.067061 100.706657 0.133204 -0.055879 0.989512 1.624948 0.000000 0.000000 0.000000 1.000000
0.987683 0.089338 -0.128454 -1.157376 -0.081177 0.994416 0.067433 100.704910 0.133761 -0.056175 0.989420 1.612969 0.000000 0.000000 0.000000 1.000000
0.987583 0.089683 -0.128985 -1.147457 -0.081430 0.994363 0.067900 100.701370 0.134347 -0.056554 0.989319 1.600094 0.000000 0.000000 0.000000 1.000000
0.987498 0.090020 -0.129397 -1.137606 -0.081709 0.994322 0.068178 100.695328 0.134799 -0.056753 0.989246 1.581530 0.000000 0.000000 0.000000 1.000000
0.987421 0.090352 -0.129755 -1.127559 -0.081990 0.994283 0.068408 100.688728 0.135194 -0.056909 0.989184 1.560996 0.000000 0.000000 0.000000 1.000000
0.987362 0.090671 -0.129982 -1.118143 -0.082256 0.994239 0.068719 100.683159 0.135464 -0.057159 0.989132 1.537141 0.000000 0.000000 0.000000 1.000000
0.987367 0.090795 -0.129856 -1.099735 -0.082399 0.994232 0.068645 100.678192 0.135340 -0.057078 0.989154 1.508637 0.000000 0.000000 0.000000 1.000000
0.987404 0.090770 -0.129590 -1.072024 -0.082465 0.994266 0.068082 100.672302 0.135026 -0.056538 0.989228 1.480542 0.000000 0.000000 0.000000 1.000000
0.987441 0.090761 -0.129318 -1.044286 -0.082554 0.994299 0.067484 100.666122 0.134706 -0.055961 0.989304 1.452063 0.000000 0.000000 0.000000 1.000000
0.987477 0.090761 -0.129041 -1.016411 -0.082654 0.994333 0.066860 100.659760 0.134378 -0.055357 0.989383 1.423352 0.000000 0.000000 0.000000 1.000000
0.987514 0.090761 -0.128759 -0.988290 -0.082757 0.994367 0.066217 100.653320 0.134043 -0.054735 0.989463 1.394561 0.000000 0.000000 0.000000 1.000000
0.987552 0.090751 -0.128471 -0.959811 -0.082851 0.994403 0.065564 100.646927 0.133701 -0.054104 0.989544 1.365842 0.000000 0.000000 0.000000 1.000000
0.987593 0.090722 -0.128176 -0.930865 -0.082926 0.994440 0.064907 100.640686 0.133352 -0.053473 0.989625 1.337348 0.000000 0.000000 0.000000 1.000000
0.987637 0.090664 -0.127876 -0.901342 -0.082973 0.994478 0.064256 100.634705 0.132996 -0.052851 0.989706 1.309230 0.000000 0.000000 0.000000 1.000000
0.987686 0.090570 -0.127569 -0.871132 -0.082980 0.994519 0.063618 100.629105 0.132631 -0.052249 0.989787 1.281642 0.000000 0.000000 0.000000 1.000000
0.987739 0.090429 -0.127254 -0.840124 -0.082937 0.994561 0.063000 100.624008 0.132259 -0.051674 0.989867 1.254735 0.000000 0.000000 0.000000 1.000000
0.987799 0.090233 -0.126932 -0.808209 -0.082835 0.994607 0.062412 100.619499 0.131879 -0.051136 0.989946 1.228661 0.000000 0.000000 0.000000 1.000000
0.987865 0.089971 -0.126602 -0.775277 -0.082662 0.994656 0.061860 100.615715 0.131492 -0.050644 0.990023 1.203574 0.000000 0.000000 0.000000 1.000000
0.987969 0.089343 -0.126237 -0.735262 -0.082119 0.994734 0.061328 100.615593 0.131051 -0.050224 0.990103 1.183577 0.000000 0.000000 0.000000 1.000000
0.988119 0.088273 -0.125809 -0.687003 -0.081121 0.994842 0.060894 100.619919 0.130535 -0.049965 0.990184 1.169772 0.000000 0.000000 0.000000 1.000000
0.988286 0.087091 -0.125319 -0.637746 -0.079979 0.994946 0.060711 100.625534 0.129973 -0.049977 0.990257 1.157809 0.000000 0.000000 0.000000 1.000000
0.988442 0.086115 -0.124767 -0.594509 -0.078996 0.995011 0.060937 100.629425 0.129393 -0.050376 0.990313 1.143489 0.000000 0.000000 0.000000 1.000000
0.988593 0.085334 -0.124105 -0.557047 -0.078145 0.995031 0.061692 100.631821 0.128753 -0.051290 0.990349 1.127136 0.000000 0.000000 0.000000 1.000000
0.988746 0.084603 -0.123385 -0.522213 -0.077307 0.995029 0.062776 100.633957 0.128083 -0.052531 0.990371 1.110449 0.000000 0.000000 0.000000 1.000000
0.988897 0.083836 -0.122697 -0.488083 -0.076426 0.995025 0.063911 100.636398 0.127445 -0.053824 0.990384 1.094256 0.000000 0.000000 0.000000 1.000000
0.989042 0.082945 -0.122135 -0.453130 -0.075438 0.995038 0.064869 100.639862 0.126909 -0.054944 0.990391 1.079314 0.000000 0.000000 0.000000 1.000000
0.989179 0.081904 -0.121723 -0.418435 -0.074300 0.995066 0.065756 100.644714 0.126508 -0.056001 0.990384 1.065869 0.000000 0.000000 0.000000 1.000000
0.989315 0.080803 -0.121352 -0.384085 -0.073109 0.995099 0.066580 100.649467 0.126137 -0.056997 0.990374 1.054256 0.000000 0.000000 0.000000 1.000000
0.989453 0.079644 -0.120996 -0.349481 -0.071880 0.995144 0.067238 100.652153 0.125763 -0.057832 0.990373 1.048138 0.000000 0.000000 0.000000 1.000000
0.989601 0.078187 -0.120731 -0.322260 -0.070385 0.995227 0.067591 100.658295 0.125440 -0.058391 0.990381 1.042801 0.000000 0.000000 0.000000 1.000000
0.989750 0.076677 -0.120483 -0.296024 -0.068841 0.995314 0.067911 100.665268 0.125125 -0.058921 0.990390 1.036814 0.000000 0.000000 0.000000 1.000000
0.989897 0.075141 -0.120243 -0.270489 -0.067274 0.995401 0.068204 100.672539 0.124815 -0.059426 0.990399 1.030943 0.000000 0.000000 0.000000 1.000000
0.990042 0.073590 -0.120009 -0.245946 -0.065696 0.995488 0.068460 100.679871 0.124506 -0.059894 0.990410 1.025855 0.000000 0.000000 0.000000 1.000000
0.990184 0.072032 -0.119776 -0.222682 -0.064118 0.995577 0.068669 100.687027 0.124193 -0.060315 0.990423 1.022217 0.000000 0.000000 0.000000 1.000000
0.990327 0.070438 -0.119548 -0.202165 -0.062519 0.995673 0.068751 100.693748 0.123873 -0.060612 0.990445 1.021951 0.000000 0.000000 0.000000 1.000000
0.990468 0.068798 -0.119327 -0.186310 -0.060896 0.995781 0.068650 100.700119 0.123547 -0.060729 0.990479 1.026505 0.000000 0.000000 0.000000 1.000000
0.990605 0.067256 -0.119074 -0.172498 -0.059368 0.995876 0.068600 100.706802 0.123197 -0.060886 0.990513 1.031705 0.000000 0.000000 0.000000 1.000000
0.990712 0.066048 -0.118861 -0.169141 -0.058161 0.995945 0.068640 100.713951 0.122913 -0.061089 0.990535 1.042657 0.000000 0.000000 0.000000 1.000000
0.990713 0.065178 -0.119328 -0.193787 -0.057281 0.996008 0.068459 100.719612 0.123314 -0.060988 0.990492 1.077236 0.000000 0.000000 0.000000 1.000000
0.990717 0.064200 -0.119822 -0.218291 -0.056287 0.996076 0.068303 100.725922 0.123737 -0.060924 0.990443 1.114151 0.000000 0.000000 0.000000 1.000000
0.990722 0.063151 -0.120340 -0.242852 -0.055218 0.996145 0.068161 100.732666 0.124180 -0.060884 0.990390 1.152784 0.000000 0.000000 0.000000 1.000000
0.990726 0.062067 -0.120874 -0.267670 -0.054112 0.996215 0.068026 100.739639 0.124639 -0.060855 0.990334 1.192519 0.000000 0.000000 0.000000 1.000000
0.990726 0.060985 -0.121420 -0.292942 -0.053007 0.996284 0.067887 100.746613 0.125109 -0.060822 0.990277 1.232737 0.000000 0.000000 0.000000 1.000000
0.990722 0.059939 -0.121972 -0.318868 -0.051941 0.996350 0.067736 100.753380 0.125587 -0.060772 0.990219 1.272822 0.000000 0.000000 0.000000 1.000000
0.990712 0.058968 -0.122525 -0.345646 -0.050951 0.996413 0.067563 100.759712 0.126070 -0.060693 0.990163 1.312156 0.000000 0.000000 0.000000 1.000000
0.990695 0.058106 -0.123073 -0.373474 -0.050077 0.996471 0.067360 100.765411 0.126553 -0.060570 0.990109 1.350122 0.000000 0.000000 0.000000 1.000000
0.990670 0.057391 -0.123611 -0.402552 -0.049355 0.996524 0.067117 100.770248 0.127033 -0.060390 0.990058 1.386102 0.000000 0.000000 0.000000 1.000000
0.990635 0.056858 -0.124133 -0.433078 -0.048824 0.996569 0.066826 100.774025 0.127507 -0.060139 0.990013 1.419480 0.000000 0.000000 0.000000 1.000000
0.990590 0.056543 -0.124634 -0.465251 -0.048522 0.996607 0.066478 100.776497 0.127970 -0.059805 0.989973 1.449637 0.000000 0.000000 0.000000 1.000000
0.990534 0.056483 -0.125108 -0.499270 -0.048487 0.996637 0.066065 100.777473 0.128419 -0.059373 0.989941 1.475956 0.000000 0.000000 0.000000 1.000000
0.990462 0.056724 -0.125567 -0.535562 -0.048766 0.996656 0.065570 100.776695 0.128867 -0.058821 0.989916 1.497797 0.000000 0.000000 0.000000 1.000000
0.990360 0.057327 -0.126095 -0.575386 -0.049422 0.996664 0.064951 100.773911 0.129398 -0.058093 0.989890 1.514879 0.000000 0.000000 0.000000 1.000000
0.990232 0.058249 -0.126679 -0.618337 -0.050411 0.996661 0.064226 100.769348 0.129997 -0.057213 0.989862 1.527782 0.000000 0.000000 0.000000 1.000000
0.990083 0.059435 -0.127290 -0.663749 -0.051676 0.996648 0.063420 100.763298 0.130632 -0.056214 0.989836 1.537160 0.000000 0.000000 0.000000 1.000000
0.989920 0.060829 -0.127897 -0.710952 -0.053159 0.996625 0.062560 100.756027 0.131271 -0.055130 0.989812 1.543669 0.000000 0.000000 0.000000 1.000000
0.989750 0.062375 -0.128470 -0.759278 -0.054802 0.996591 0.061669 100.747818 0.131879 -0.053997 0.989794 1.547964 0.000000 0.000000 0.000000 1.000000
0.989579 0.064019 -0.128979 -0.808058 -0.056549 0.996548 0.060774 100.738953 0.132425 -0.052847 0.989783 1.550700 0.000000 0.000000 0.000000 1.000000
0.989414 0.065704 -0.129392 -0.856624 -0.058341 0.996498 0.059899 100.729706 0.132875 -0.051716 0.989783 1.552533 0.000000 0.000000 0.000000 1.000000
0.989264 0.067377 -0.129679 -0.904307 -0.060123 0.996442 0.059067 100.720360 0.133197 -0.050636 0.989795 1.554117 0.000000 0.000000 0.000000 1.000000
0.989137 0.068982 -0.129806 -0.950440 -0.061836 0.996382 0.058304 100.711189 0.133358 -0.049644 0.989824 1.556109 0.000000 0.000000 0.000000 1.000000
0.989041 0.070465 -0.129743 -0.994352 -0.063423 0.996321 0.057632 100.702492 0.133326 -0.048771 0.989871 1.559162 0.000000 0.000000 0.000000 1.000000
0.988985 0.071777 -0.129445 -1.035379 -0.064835 0.996262 0.057076 100.694473 0.133058 -0.048055 0.989943 1.563812 0.000000 0.000000 0.000000 1.000000
0.988992 0.073016 -0.128702 -1.073238 -0.066172 0.996197 0.056678 100.686302 0.132351 -0.047538 0.990062 1.567990 0.000000 0.000000 0.000000 1.000000
0.989054 0.074232 -0.127523 -1.108406 -0.067488 0.996124 0.056418 100.677696 0.131217 -0.047194 0.990230 1.571062 0.000000 0.000000 0.000000 1.000000
0.989156 0.075423 -0.126022 -1.141447 -0.068781 0.996044 0.056257 100.668831 0.129767 -0.046979 0.990431 1.573466 0.000000 0.000000 0.000000 1.000000
0.989283 0.076588 -0.124312 -1.172925 -0.070049 0.995962 0.056157 100.659874 0.128111 -0.046848 0.990653 1.575640 0.000000 0.000000 0.000000 1.000000
0.989419 0.077725 -0.122507 -1.203404 -0.071289 0.995878 0.056081 100.650963 0.126361 -0.046754 0.990882 1.578021 0.000000 0.000000 0.000000 1.000000
0.989551 0.078833 -0.120721 -1.233449 -0.072500 0.995796 0.055991 100.642273 0.124627 -0.046654 0.991106 1.581046 0.000000 0.000000 0.000000 1.000000
0.989665 0.079910 -0.119067 -1.263625 -0.073679 0.995717 0.055852 100.633972 0.123020 -0.046502 0.991314 1.585155 0.000000 0.000000 0.000000 1.000000
0.989816 0.080495 -0.117406 -1.286973 -0.074380 0.995680 0.055575 100.628845 0.121372 -0.046276 0.991528 1.599581 0.000000 0.000000 0.000000 1.000000
0.989963 0.081049 -0.115776 -1.299847 -0.074996 0.995626 0.055724 100.624413 0.119786 -0.046482 0.991711 1.611944 0.000000 0.000000 0.000000 1.000000
