<?xml version="1.0" encoding="utf-8"?>
<COLLADA xmlns="http://www.collada.org/2005/11/COLLADASchema" version="1.4.1">
  <asset><contributor><author>Mixamo</author><authoring_tool>COLLADA Mixamo exporter</authoring_tool><comments></comments></contributor><created>2017-07-28T16:26:54Z</created><modified>2017-07-28T16:26:54Z</modified><revision></revision><title></title><unit meter="0.010000"/><up_axis>Y_UP</up_axis></asset>
  <library_animations>
    <animation id="mixamorig_Hips-anim" name="mixamorig_Hips"><source id="mixamorig_Hips-Matrix-animation-input"><float_array id="mixamorig_Hips-Matrix-animation-input-array" count="31">

0.000000 0.033333 0.066667 0.100000 0.133333 0.166667 0.200000 0.233333 0.266667 0.300000 0.333333 0.366667 0.400000 0.433333 0.466667 0.500000
0.533333 0.566667 0.600000 0.633333 0.666667 0.700000 0.733333 0.766667 0.800000 0.833333 0.866667 0.900000 0.933333 0.966667 1.000000</float_array><technique_common><accessor source="#mixamorig_Hips-Matrix-animation-input-array" count="31"><param name="TIME" type="float"/></accessor></technique_common></source><source id="mixamorig_Hips-Matrix-animation-output-transform"><float_array id="mixamorig_Hips-Matrix-animation-output-transform-array" count="496">

0.843482 0.010563 -0.537054 0.945242 0.004391 0.999638 0.026558 97.032768 0.537140 -0.024759 0.843130 2.583237 0.000000 0.000000 0.000000 1.000000
0.872732 0.025668 -0.487524 0.137916 -0.002386 0.998829 0.048317 96.342094 0.488193 -0.041005 0.871772 1.957568 0.000000 0.000000 0.000000 1.000000
0.884401 0.027097 -0.465941 -0.620988 0.000925 0.998209 0.059808 96.194092 0.466727 -0.053325 0.882792 1.372750 0.000000 0.000000 0.000000 1.000000
0.891443 0.024969 -0.452445 -1.382437 0.007152 0.997581 0.069145 96.189522 0.453077 -0.064875 0.889108 0.791158 0.000000 0.000000 0.000000 1.000000
0.896806 0.021099 -0.441920 -2.116937 0.014557 0.996914 0.077138 96.248344 0.442184 -0.075610 0.893732 0.224846 0.000000 0.000000 0.000000 1.000000
0.902167 0.016261 -0.431080 -2.789121 0.022118 0.996231 0.083867 96.328781 0.430819 -0.085196 0.898408 -0.310037 0.000000 0.000000 0.000000 1.000000
0.906616 0.006424 -0.421908 -3.152101 0.031331 0.996099 0.082492 96.591911 0.420793 -0.088007 0.902878 -0.691425 0.000000 0.000000 0.000000 1.000000
0.913188 -0.005481 -0.407503 -3.356489 0.041229 0.996022 0.078994 96.855804 0.405449 -0.088937 0.909781 -1.027697 0.000000 0.000000 0.000000 1.000000
0.920308 -0.017770 -0.390790 -3.516345 0.051279 0.995828 0.075480 97.101303 0.387819 -0.089504 0.917380 -1.351117 0.000000 0.000000 0.000000 1.000000
0.923357 -0.023064 -0.383250 -3.449793 0.053856 0.996106 0.069809 96.882011 0.380147 -0.085099 0.921003 -1.194310 0.000000 0.000000 0.000000 1.000000
0.922901 -0.022222 -0.384396 -3.192606 0.049673 0.996862 0.061631 96.205093 0.381821 -0.075973 0.921109 -0.589396 0.000000 0.000000 0.000000 1.000000
0.920821 -0.018574 -0.389542 -2.838609 0.042326 0.997725 0.052478 95.333282 0.387681 -0.064811 0.919512 0.217721 0.000000 0.000000 0.000000 1.000000
0.918081 -0.013651 -0.396158 -2.436205 0.033744 0.998471 0.043793 94.463943 0.394954 -0.053574 0.917137 1.066374 0.000000 0.000000 0.000000 1.000000
0.914982 -0.006674 -0.403440 -1.971695 0.023792 0.999016 0.037433 93.816933 0.402793 -0.043849 0.914240 1.824966 0.000000 0.000000 0.000000 1.000000
0.910637 0.004732 -0.413180 -1.300991 0.011736 0.999235 0.037310 93.592102 0.413040 -0.038825 0.909885 2.573920 0.000000 0.000000 0.000000 1.000000
0.907533 0.012697 -0.419788 -0.558698 0.006024 0.999047 0.043241 93.738609 0.419937 -0.041771 0.906592 3.350860 0.000000 0.000000 0.000000 1.000000
0.904770 0.012614 -0.425715 0.287345 0.009750 0.998686 0.050313 94.034348 0.425790 -0.049672 0.903458 4.240115 0.000000 0.000000 0.000000 1.000000
0.900838 0.002701 -0.434147 1.256902 0.024601 0.998056 0.057255 94.217018 0.433458 -0.062258 0.899021 5.349527 0.000000 0.000000 0.000000 1.000000
0.888522 -0.008395 -0.458757 2.310058 0.037974 0.997748 0.055290 94.506279 0.457260 -0.066547 0.886840 6.539090 0.000000 0.000000 0.000000 1.000000
0.868343 -0.017399 -0.495659 3.345069 0.045767 0.997931 0.045148 95.072136 0.493848 -0.061888 0.867343 7.428195 0.000000 0.000000 0.000000 1.000000
0.847727 -0.027895 -0.529699 4.318222 0.055372 0.997814 0.036069 95.834862 0.527535 -0.059907 0.847418 7.869925 0.000000 0.000000 0.000000 1.000000
0.828138 -0.036217 -0.559352 5.217800 0.061756 0.997731 0.026830 96.617470 0.557111 -0.056762 0.828496 8.147138 0.000000 0.000000 0.000000 1.000000
0.819122 -0.032996 -0.572669 5.877802 0.054011 0.998345 0.019732 97.290916 0.571070 -0.047094 0.819549 8.162555 0.000000 0.000000 0.000000 1.000000
0.815486 -0.026271 -0.578181 6.151336 0.042434 0.998995 0.014458 97.776352 0.577219 -0.036325 0.815781 7.763834 0.000000 0.000000 0.000000 1.000000
0.810020 -0.022965 -0.585953 6.071479 0.034984 0.999346 0.009196 98.090622 0.585358 -0.027948 0.810293 7.095265 0.000000 0.000000 0.000000 1.000000
0.803739 -0.019386 -0.594666 5.657217 0.026809 0.999634 0.003647 98.292580 0.594377 -0.018873 0.803965 6.294705 0.000000 0.000000 0.000000 1.000000
0.799613 -0.014341 -0.600344 4.990408 0.017752 0.999842 -0.000240 98.358574 0.600253 -0.010465 0.799742 5.493997 0.000000 0.000000 0.000000 1.000000
0.804091 -0.008163 -0.594450 4.018786 0.010166 0.999948 0.000020 98.155846 0.594419 -0.006060 0.804133 4.738281 0.000000 0.000000 0.000000 1.000000
0.811789 -0.001505 -0.583949 2.937843 0.003092 0.999994 0.001721 97.852066 0.583943 -0.003203 0.811789 4.001057 0.000000 0.000000 0.000000 1.000000
0.823195 0.005104 -0.567736 1.893830 -0.000647 0.999967 0.008051 97.500656 0.567759 -0.006260 0.823171 3.276514 0.000000 0.000000 0.000000 1.000000
0.843482 0.010563 -0.537054 0.945239 0.004391 0.999638 0.026558 97.032768 0.537140 -0.024759 0.843130 2.583234 0.000000 0.000000 0.000000 1.000000</float_array><technique_common><accessor source="#mixamorig_Hips-Matrix-animation-output-transform-array" count="31" stride="16"><param type="float4x4"/></accessor></technique_common></source><source id="mixamorig_Hips-Interpolations"><Name_array id="mixamorig_Hips-Interpolations-array" count="31">
 LINEAR LINEAR LINEAR LINEAR LINEAR LINEAR LINEAR LINEAR LINEAR LINEAR LINEAR
LINEAR LINEAR LINEAR LINEAR LINEAR LINEAR LINEAR LINEAR LINEAR LINEAR LINEAR LINEAR
LINEAR LINEAR LINEAR LINEAR LINEAR LINEAR LINEAR LINEAR</Name_array><technique_common><accessor source="#mixamorig_Hips-Interpolations-array" count="31"><param type="name"/></accessor></technique_common></source><sampler id="mixamorig_Hips-Matrix-animation-transform"><input semantic="INPUT" source="#mixamorig_Hips-Matrix-animation-input"/><input semantic="OUTPUT" source="#mixamorig_Hips-Matrix-animation-output-transform"/><input semantic="INTERPOLATION" source="#mixamorig_Hips-Interpolations"/></sampler><channel source="#mixamorig_Hips-Matrix-animation-transform" target="mixamorig_Hips/matrix"/></animation>
    <animation id="mixamorig_Spine-anim" name="mixamorig_Spine"><source id="mixamorig_Spine-Matrix-animation-input"><float_array id="mixamorig_Spine-Matrix-animation-input-array" count="31">

0.000000 0.033333 0.066667 0.100000 0.133333 0.166667 0.200000 0.233333 0.266667 0.300000 0.333333 0.366667 0.400000 0.433333 0.466667 0.500000
0.533333 0.566667 0.600000 0.633333 0.666667 0.700000 0.733333 0.766667 0.800000 0.833333 0.866667 0.900000 0.933333 0.966667 1.000000</float_array><technique_common><accessor source="#mixamorig_Spine-Matrix-animation-input-array" count="31"><param name="TIME" type="float"/></accessor></technique_common></source><source id="mixamorig_Spine-Matrix-animation-output-transform"><float_array id="mixamorig_Spine-Matrix-animation-output-transform-array" count="496">

0.960723 -0.030373 0.275841 0.000000 0.028185 0.999532 0.011893 10.181600 -0.276073 -0.003651 0.961130 0.131500 0.000000 0.000000 0.000000 1.000000
0.961333 -0.043930 0.271861 0.000000 0.043096 0.999030 0.009039 10.181600 -0.271995 0.003027 0.962294 0.131500 0.000000 0.000000 0.000000 1.000000
0.960244 -0.051293 0.274408 0.000000 0.050547 0.998674 0.009796 10.181600 -0.274547 0.004464 0.961563 0.131500 0.000000 0.000000 0.000000 1.000000
0.958662 -0.057078 0.278764 0.000000 0.056077 0.998359 0.011570 10.181600 -0.278968 0.004541 0.960290 0.131500 0.000000 0.000000 0.000000 1.000000
0.956910 -0.062048 0.283679 -0.000000 0.060617 0.998065 0.013830 10.181600 -0.283988 0.003962 0.958820 0.131500 0.000000 0.000000 0.000000 1.000000
0.955212 -0.066516 0.288348 -0.000000 0.064563 0.997781 0.016290 10.181600 -0.288792 0.003056 0.957387 0.131500 0.000000 0.000000 0.000000 1.000000
0.953731 -0.067914 0.292890 0.000000 0.064910 0.997691 0.019977 10.181600 -0.293571 -0.000041 0.955937 0.131500 0.000000 0.000000 0.000000 1.000000
0.953334 -0.066561 0.294490 -0.000000 0.062628 0.997777 0.022780 10.181600 -0.295351 -0.003273 0.955383 0.131500 0.000000 0.000000 0.000000 1.000000
0.953346 -0.064396 0.294932 0.000000 0.059612 0.997904 0.025192 10.181600 -0.295936 -0.006436 0.955186 0.131500 0.000000 0.000000 0.000000 1.000000
0.953176 -0.066924 0.294918 0.000000 0.060059 0.997673 0.032285 10.181600 -0.296392 -0.013061 0.954977 0.131500 0.000000 0.000000 0.000000 1.000000
0.952779 -0.074210 0.294458 0.000000 0.063891 0.996963 0.044524 10.181600 -0.296868 -0.023609 0.954627 0.131500 0.000000 0.000000 0.000000 1.000000
0.952288 -0.083427 0.293578 0.000000 0.069154 0.995878 0.058687 10.181600 -0.297264 -0.035585 0.954132 0.131500 0.000000 0.000000 0.000000 1.000000
0.951763 -0.092554 0.292541 0.000000 0.074625 0.994617 0.071887 10.181600 -0.297620 -0.046589 0.953547 0.131500 0.000000 0.000000 0.000000 1.000000
0.951259 -0.099478 0.291907 0.000000 0.079481 0.993652 0.079613 10.181600 -0.297974 -0.052531 0.953127 0.131500 0.000000 0.000000 0.000000 1.000000
0.951046 -0.100940 0.292101 -0.000000 0.082192 0.993730 0.075791 10.181600 -0.297920 -0.048072 0.953380 0.131500 0.000000 0.000000 0.000000 1.000000
0.951481 -0.095530 0.292503 0.000000 0.079949 0.994691 0.064796 10.181600 -0.297140 -0.038267 0.954067 0.131500 0.000000 0.000000 0.000000 1.000000
0.952293 -0.084317 0.293307 0.000000 0.072218 0.996040 0.051858 10.181600 -0.296518 -0.028202 0.954611 0.131500 0.000000 0.000000 0.000000 1.000000
0.952539 -0.072447 0.295669 0.000000 0.062485 0.997118 0.043017 10.181600 -0.297934 -0.022500 0.954321 0.131500 0.000000 0.000000 0.000000 1.000000
0.951728 -0.062436 0.300525 0.000000 0.053034 0.997817 0.039350 10.181600 -0.302326 -0.021512 0.952962 0.131500 0.000000 0.000000 0.000000 1.000000
0.950781 -0.055110 0.304922 0.000000 0.045755 0.998239 0.037747 10.181600 -0.306466 -0.021938 0.951629 0.131500 0.000000 0.000000 0.000000 1.000000
0.950839 -0.048726 0.305828 0.000000 0.040244 0.998612 0.033983 10.181600 -0.307059 -0.020005 0.951480 0.131500 0.000000 0.000000 0.000000 1.000000
0.951351 -0.043071 0.305083 0.000000 0.035737 0.998923 0.029585 10.181600 -0.306029 -0.017243 0.951866 0.131500 0.000000 0.000000 0.000000 1.000000
0.953119 -0.039664 0.299986 0.000000 0.034076 0.999135 0.023838 10.181600 -0.300672 -0.012498 0.953646 0.131500 0.000000 0.000000 0.000000 1.000000
0.955262 -0.036852 0.293455 0.000000 0.033080 0.999294 0.017808 10.181600 -0.293904 -0.007304 0.955807 0.131500 0.000000 0.000000 0.000000 1.000000
0.956777 -0.032518 0.289000 0.000000 0.030039 0.999464 0.013009 10.181600 -0.289269 -0.003766 0.957241 0.131500 0.000000 0.000000 0.000000 1.000000
0.957786 -0.026656 0.286244 0.000000 0.024833 0.999642 0.009999 10.181600 -0.286408 -0.002469 0.958104 0.131500 0.000000 0.000000 0.000000 1.000000
0.958614 -0.020844 0.283943 0.000000 0.018610 0.999771 0.010565 10.181600 -0.284099 -0.004844 0.958783 0.131500 0.000000 0.000000 0.000000 1.000000
0.959111 -0.019728 0.282343 -0.000000 0.016844 0.999778 0.012639 10.181600 -0.282530 -0.007366 0.959230 0.131500 0.000000 0.000000 0.000000 1.000000
0.959494 -0.020486 0.280983 -0.000000 0.016910 0.999742 0.015145 10.181600 -0.281220 -0.009780 0.959593 0.131500 0.000000 0.000000 0.000000 1.000000
0.959992 -0.023105 0.279073 -0.000000 0.019459 0.999685 0.015828 10.181600 -0.279351 -0.009764 0.960139 0.131500 0.000000 0.000000 0.000000 1.000000
0.960723 -0.030373 0.275841 0.000000 0.028185 0.999532 0.011893 10.181600 -0.276073 -0.003651 0.961130 0.131500 0.000000 0.000000 0.000000 1.000000</float_array><technique_common><accessor source="#mixamorig_Spine-Matrix-animation-output-transform-array" count="31" stride="16"><param type="float4x4"/></accessor></technique_common></source><source id="mixamorig_Spine-Interpolations"><Name_array id="mixamorig_Spine-Interpolations-array" count="31">
 LINEAR LINEAR LINEAR LINEAR LINEAR LINEAR LINEAR LINEAR LINEAR LINEAR LINEAR
LINEAR LINEAR LINEAR LINEAR LINEAR LINEAR LINEAR LINEAR LINEAR LINEAR LINEAR LINEAR
LINEAR LINEAR LINEAR LINEAR LINEAR LINEAR LINEAR LINEAR</Name_array><technique_common><accessor source="#mixamorig_Spine-Interpolations-array" count="31"><param type="name"/></accessor></technique_common></source><sampler id="mixamorig_Spine-Matrix-animation-transform"><input semantic="INPUT" source="#mixamorig_Spine-Matrix-animation-input"/><input semantic="OUTPUT" source="#mixamorig_Spine-Matrix-animation-output-transform"/><input semantic="INTERPOLATION" source="#mixamorig_Spine-Interpolations"/></sampler><channel source="#mixamorig_Spine-Matrix-animation-transform" target="mixamorig_Spine/matrix"/></animation>
    <animation id="mixamorig_Spine1-anim" name="mixamorig_Spine1"><source id="mixamorig_Spine1-Matrix-animation-input"><float_array id="mixamorig_Spine1-Matrix-animation-input-array" count="31">

0.000000 0.033333 0.066667 0.100000 0.133333 0.166667 0.200000 0.233333 0.266667 0.300000 0.333333 0.366667 0.400000 0.433333 0.466667 0.500000
0.533333 0.566667 0.600000 0.633333 0.666667 0.700000 0.733333 0.766667 0.800000 0.833333 0.866667 0.900000 0.933333 0.966667 1.000000</float_array><technique_common><accessor source="#mixamorig_Spine1-Matrix-animation-input-array" count="31"><param name="TIME" type="float"/></accessor></technique_common></source><source id="mixamorig_Spine1-Matrix-animation-output-transform"><float_array id="mixamorig_Spine1-Matrix-animation-output-transform-array" count="496">

0.999765 -0.016880 0.013613 -0.000900 0.017218 0.999536 -0.025118 10.133000 -0.013183 0.025346 0.999592 -0.000000 0.000000 0.000000 0.000000 1.000000
0.999675 -0.023557 0.009729 -0.000900 0.023841 0.999261 -0.030155 10.133000 -0.009011 0.030377 0.999498 0.000000 0.000000 0.000000 0.000000 1.000000
0.999565 -0.026511 0.012891 -0.000900 0.026905 0.999143 -0.031467 10.133000 -0.012045 0.031800 0.999422 0.000000 0.000000 0.000000 0.000000 1.000000
0.999433 -0.028419 0.018062 -0.000900 0.028983 0.999074 -0.031794 10.133000 -0.017142 0.032299 0.999331 0.000000 0.000000 0.000000 0.000000 1.000000
0.999267 -0.029959 0.023831 -0.000900 0.030706 0.999028 -0.031622 10.133000 -0.022861 0.032331 0.999216 0.000000 0.000000 0.000000 0.000000 1.000000
0.999074 -0.031554 0.029260 -0.000900 0.032464 0.998987 -0.031174 10.133000 -0.028247 0.032095 0.999086 -0.000000 0.000000 0.000000 0.000000 1.000000
0.998876 -0.032932 0.034104 -0.000900 0.033927 0.999003 -0.029014 10.133000 -0.033114 0.030138 0.998997 -0.000000 0.000000 0.000000 0.000000 1.000000
0.998772 -0.034897 0.035171 -0.000900 0.035850 0.998997 -0.026845 10.133000 -0.034199 0.028073 0.999021 0.000000 0.000000 0.000000 0.000000 1.000000
0.998705 -0.037137 0.034769 -0.000900 0.038009 0.998970 -0.024774 10.133000 -0.033814 0.026064 0.999088 0.000000 0.000000 0.000000 0.000000 1.000000
0.998538 -0.041586 0.034538 -0.000900 0.042304 0.998898 -0.020319 10.133000 -0.033655 0.021750 0.999197 0.000000 0.000000 0.000000 0.000000 1.000000
0.998232 -0.048322 0.034613 -0.000900 0.048805 0.998720 -0.013254 10.133000 -0.033928 0.014919 0.999313 -0.000000 0.000000 0.000000 0.000000 1.000000
0.997832 -0.055987 0.034608 -0.000900 0.056200 0.998406 -0.005198 10.133000 -0.034262 0.007132 0.999387 0.000000 0.000000 0.000000 0.000000 1.000000
0.997395 -0.063396 0.034421 -0.000900 0.063352 0.997988 0.002373 10.133000 -0.034502 -0.000187 0.999405 0.000000 0.000000 0.000000 0.000000 1.000000
0.997039 -0.069016 0.033925 -0.000900 0.068810 0.997604 0.007200 10.133000 -0.034341 -0.004844 0.999398 0.000000 0.000000 0.000000 0.000000 1.000000
0.996997 -0.070079 0.032968 -0.000900 0.069923 0.997535 0.005863 10.133000 -0.033298 -0.003540 0.999439 0.000000 0.000000 0.000000 0.000000 1.000000
0.997287 -0.066315 0.031952 -0.000900 0.066345 0.997797 0.000127 10.133000 -0.031890 0.001994 0.999489 -0.000000 0.000000 0.000000 0.000000 1.000000
0.997818 -0.057882 0.031759 -0.000900 0.058117 0.998288 -0.006538 10.133000 -0.031326 0.008369 0.999474 -0.000000 0.000000 0.000000 0.000000 1.000000
0.998238 -0.048700 0.033912 -0.000900 0.049077 0.998741 -0.010349 10.133000 -0.033365 0.011995 0.999371 0.000000 0.000000 0.000000 0.000000 1.000000
0.998385 -0.041434 0.038867 -0.000900 0.041881 0.999065 -0.010759 10.133000 -0.038384 0.012369 0.999186 -0.000000 0.000000 0.000000 0.000000 1.000000
0.998378 -0.037150 0.043153 -0.000900 0.037619 0.999241 -0.010104 10.133000 -0.042745 0.011711 0.999017 0.000000 0.000000 0.000000 0.000000 1.000000
0.998460 -0.034274 0.043624 -0.000900 0.034794 0.999332 -0.011217 10.133000 -0.043211 0.012718 0.998985 0.000000 0.000000 0.000000 0.000000 1.000000
0.998593 -0.031800 0.042432 -0.000900 0.032376 0.999392 -0.012971 10.133000 -0.041994 0.014326 0.999015 0.000000 0.000000 0.000000 0.000000 1.000000
0.998878 -0.029484 0.037053 -0.000900 0.030104 0.999414 -0.016302 10.133000 -0.036551 0.017399 0.999180 0.000000 0.000000 0.000000 0.000000 1.000000
0.999167 -0.027223 0.030410 -0.000900 0.027840 0.999411 -0.020066 10.133000 -0.029846 0.020896 0.999336 0.000000 0.000000 0.000000 0.000000 1.000000
0.999361 -0.024553 0.025983 -0.000900 0.025147 0.999424 -0.022767 10.133000 -0.025409 0.023406 0.999403 0.000000 0.000000 0.000000 0.000000 1.000000
0.999501 -0.021279 0.023351 -0.000900 0.021842 0.999470 -0.024136 10.133000 -0.022825 0.024634 0.999436 0.000000 0.000000 0.000000 0.000000 1.000000
0.999621 -0.017533 0.021226 -0.000900 0.018025 0.999568 -0.023208 10.133000 -0.020810 0.023582 0.999505 0.000000 0.000000 0.000000 0.000000 1.000000
0.999693 -0.014932 0.019787 -0.000900 0.015364 0.999643 -0.021862 10.133000 -0.019453 0.022159 0.999565 0.000000 0.000000 0.000000 0.000000 1.000000
0.999745 -0.012820 0.018589 -0.000900 0.013200 0.999704 -0.020455 10.133000 -0.018321 0.020696 0.999618 0.000000 0.000000 0.000000 0.000000 1.000000
0.999780 -0.012545 0.016817 -0.000900 0.012892 0.999703 -0.020702 10.133000 -0.016552 0.020915 0.999644 0.000000 0.000000 0.000000 0.000000 1.000000
0.999765 -0.016880 0.013613 -0.000900 0.017218 0.999536 -0.025118 10.133000 -0.013183 0.025346 0.999592 -0.000000 0.000000 0.000000 0.000000 1.000000</float_array><technique_common><accessor source="#mixamorig_Spine1-Matrix-animation-output-transform-array" count="31" stride="16"><param type="float4x4"/></accessor></technique_common></source><source id="mixamorig_Spine1-Interpolations"><Name_array id="mixamorig_Spine1-Interpolations-array" count="31">
 LINEAR LINEAR LINEAR LINEAR LINEAR LINEAR LINEAR LINEAR LINEAR LINEAR LINEAR
LINEAR LINEAR LINEAR LINEAR LINEAR LINEAR LINEAR LINEAR LINEAR LINEAR LINEAR LINEAR
LINEAR LINEAR LINEAR LINEAR LINEAR LINEAR LINEAR LINEAR</Name_array><technique_common><accessor source="#mixamorig_Spine1-Interpolations-array" count="31"><param type="name"/></accessor></technique_common></source><sampler id="mixamorig_Spine1-Matrix-animation-transform"><input semantic="INPUT" source="#mixamorig_Spine1-Matrix-animation-input"/><input semantic="OUTPUT" source="#mixamorig_Spine1-Matrix-animation-output-transform"/><input semantic="INTERPOLATION" source="#mixamorig_Spine1-Interpolations"/></sampler><channel source="#mixamorig_Spine1-Matrix-animation-transform" target="mixamorig_Spine1/matrix"/></animation>
    <animation id="mixamorig_Spine2-anim" name="mixamorig_Spine2"><source id="mixamorig_Spine2-Matrix-animation-input"><float_array id="mixamorig_Spine2-Matrix-animation-input-array" count="31">

0.000000 0.033333 0.066667 0.100000 0.133333 0.166667 0.200000 0.233333 0.266667 0.300000 0.333333 0.366667 0.400000 0.433333 0.466667 0.500000
0.533333 0.566667 0.600000 0.633333 0.666667 0.700000 0.733333 0.766667 0.800000 0.833333 0.866667 0.900000 0.933333 0.966667 1.000000</float_array><technique_common><accessor source="#mixamorig_Spine2-Matrix-animation-input-array" count="31"><param name="TIME" type="float"/></accessor></technique_common></source><source id="mixamorig_Spine2-Matrix-animation-output-transform"><float_array id="mixamorig_Spine2-Matrix-animation-output-transform-array" count="496">

0.999758 -0.017030 0.013943 -0.000200 0.018040 0.996960 -0.075795 9.203100 -0.012610 0.076029 0.997026 0.000000 0.000000 0.000000 0.000000 1.000000
0.999666 -0.023713 0.010266 -0.000200 0.024466 0.996430 -0.080799 9.203100 -0.008313 0.081024 0.996678 0.000000 0.000000 0.000000 0.000000 1.000000
0.999552 -0.026711 0.013507 -0.000200 0.027731 0.996243 -0.082040 9.203100 -0.011265 0.082378 0.996538 0.000000 0.000000 0.000000 0.000000 1.000000
0.999413 -0.028677 0.018719 -0.000200 0.030125 0.996154 -0.082283 9.203100 -0.016288 0.082798 0.996433 -0.000000 0.000000 0.000000 0.000000 1.000000
0.999241 -0.030278 0.024519 -0.000200 0.032195 0.996110 -0.082022 9.203100 -0.021940 0.082749 0.996329 0.000000 0.000000 0.000000 0.000000 1.000000
0.999040 -0.031924 0.029986 -0.000200 0.034276 0.996085 -0.081483 9.203100 -0.027267 0.082432 0.996224 0.000000 0.000000 0.000000 0.000000 1.000000
0.998836 -0.033317 0.034891 -0.000200 0.035997 0.996206 -0.079226 9.203100 -0.032119 0.080390 0.996246 0.000000 0.000000 0.000000 0.000000 1.000000
0.998729 -0.035260 0.036017 -0.000200 0.037952 0.996307 -0.077019 9.203100 -0.033169 0.078288 0.996379 0.000000 0.000000 0.000000 0.000000 1.000000
0.998661 -0.037464 0.035672 -0.000200 0.040056 0.996384 -0.074933 9.203100 -0.032736 0.076262 0.996550 0.000000 0.000000 0.000000 0.000000 1.000000
0.998490 -0.041840 0.035601 -0.000200 0.044269 0.996534 -0.070422 9.203100 -0.032531 0.071892 0.996882 0.000000 0.000000 0.000000 0.000000 1.000000
0.998177 -0.048462 0.035961 -0.000200 0.050669 0.996711 -0.063246 9.203100 -0.032777 0.064953 0.997350 -0.000000 0.000000 0.000000 0.000000 1.000000
0.997771 -0.056002 0.036284 -0.000200 0.057949 0.996800 -0.055057 9.203100 -0.033084 0.057037 0.997824 0.000000 0.000000 0.000000 0.000000 1.000000
0.997331 -0.063306 0.036384 -0.000200 0.064997 0.996761 -0.047357 9.203100 -0.033268 0.049596 0.998215 0.000000 0.000000 0.000000 0.000000 1.000000
0.996975 -0.068894 0.035975 -0.000200 0.070402 0.996614 -0.042477 9.203100 -0.032927 0.044881 0.998450 0.000000 0.000000 0.000000 0.000000 1.000000
0.996939 -0.070053 0.034719 -0.000200 0.071550 0.996469 -0.043923 9.203100 -0.031519 0.046273 0.998431 -0.000000 0.000000 0.000000 0.000000 1.000000
0.997238 -0.066413 0.033263 -0.000200 0.068023 0.996438 -0.049851 9.203100 -0.029834 0.051976 0.998203 0.000000 0.000000 0.000000 0.000000 1.000000
0.997778 -0.058078 0.032645 -0.000200 0.059865 0.996594 -0.056720 9.203100 -0.029240 0.058548 0.997856 0.000000 0.000000 0.000000 0.000000 1.000000
0.998205 -0.048956 0.034500 -0.000200 0.050986 0.996855 -0.060673 9.203100 -0.031422 0.062323 0.997561 0.000000 0.000000 0.000000 0.000000 1.000000
0.998356 -0.041725 0.039291 -0.000200 0.044081 0.997155 -0.061139 9.203100 -0.036628 0.062771 0.997356 0.000000 0.000000 0.000000 0.000000 1.000000
0.998348 -0.037475 0.043546 -0.000200 0.040076 0.997365 -0.060479 9.203100 -0.041165 0.062124 0.997219 0.000000 0.000000 0.000000 0.000000 1.000000
0.998428 -0.034643 0.044062 -0.000200 0.037325 0.997404 -0.061579 9.203100 -0.041814 0.063127 0.997129 0.000000 0.000000 0.000000 0.000000 1.000000
0.998558 -0.032210 0.042940 -0.000200 0.034895 0.997383 -0.063323 9.203100 -0.040788 0.064730 0.997069 -0.000000 0.000000 0.000000 0.000000 1.000000
0.998843 -0.029913 0.037660 -0.000200 0.032379 0.997249 -0.066674 9.203100 -0.035562 0.067816 0.997064 0.000000 0.000000 0.000000 0.000000 1.000000
0.999135 -0.027639 0.031065 -0.000200 0.029773 0.997068 -0.070490 9.203100 -0.029025 0.071354 0.997029 0.000000 0.000000 0.000000 0.000000 1.000000
0.999336 -0.024931 0.026572 -0.000200 0.026820 0.996952 -0.073264 9.203100 -0.024664 0.073928 0.996959 0.000000 0.000000 0.000000 0.000000 1.000000
0.999484 -0.021600 0.023781 -0.000200 0.023322 0.996932 -0.074718 9.203100 -0.022094 0.075234 0.996921 -0.000000 0.000000 0.000000 0.000000 1.000000
0.999611 -0.017780 0.021469 -0.000200 0.019321 0.997081 -0.073865 9.203100 -0.020093 0.074251 0.997037 0.000000 0.000000 0.000000 0.000000 1.000000
0.999687 -0.015133 0.019944 -0.000200 0.016543 0.997228 -0.072551 9.203100 -0.018791 0.072858 0.997165 -0.000000 0.000000 0.000000 0.000000 1.000000
0.999741 -0.012986 0.018703 -0.000200 0.014287 0.997363 -0.071160 9.203100 -0.017730 0.071409 0.997290 0.000000 0.000000 0.000000 0.000000 1.000000
0.999776 -0.012689 0.016955 -0.000200 0.013869 0.997351 -0.071410 9.203100 -0.016004 0.071629 0.997303 -0.000000 0.000000 0.000000 0.000000 1.000000
0.999758 -0.017030 0.013943 -0.000200 0.018040 0.996960 -0.075795 9.203100 -0.012610 0.076029 0.997026 0.000000 0.000000 0.000000 0.000000 1.000000</float_array><technique_common><accessor source="#mixamorig_Spine2-Matrix-animation-output-transform-array" count="31" stride="16"><param type="float4x4"/></accessor></technique_common></source><source id="mixamorig_Spine2-Interpolations"><Name_array id="mixamorig_Spine2-Interpolations-array" count="31">
 LINEAR LINEAR LINEAR LINEAR LINEAR LINEAR LINEAR LINEAR LINEAR LINEAR LINEAR
LINEAR LINEAR LINEAR LINEAR LINEAR LINEAR LINEAR LINEAR LINEAR LINEAR LINEAR LINEAR
LINEAR LINEAR LINEAR LINEAR LINEAR LINEAR LINEAR LINEAR</Name_array><technique_common><accessor source="#mixamorig_Spine2-Interpolations-array" count="31"><param type="name"/></accessor></technique_common></source><sampler id="mixamorig_Spine2-Matrix-animation-transform"><input semantic="INPUT" source="#mixamorig_Spine2-Matrix-animation-input"/><input semantic="OUTPUT" source="#mixamorig_Spine2-Matrix-animation-output-transform"/><input semantic="INTERPOLATION" source="#mixamorig_Spine2-Interpolations"/></sampler><channel source="#mixamorig_Spine2-Matrix-animation-transform" target="mixamorig_Spine2/matrix"/></animation>
    <animation id="mixamorig_Neck-anim" name="mixamorig_Neck"><source id="mixamorig_Neck-Matrix-animation-input"><float_array id="mixamorig_Neck-Matrix-animation-input-array" count="31">

0.000000 0.033333 0.066667 0.100000 0.133333 0.166667 0.200000 0.233333 0.266667 0.300000 0.333333 0.366667 0.400000 0.433333 0.466667 0.500000
0.533333 0.566667 0.600000 0.633333 0.666667 0.700000 0.733333 0.766667 0.800000 0.833333 0.866667 0.900000 0.933333 0.966667 1.000000</float_array><technique_common><accessor source="#mixamorig_Neck-Matrix-animation-input-array" count="31"><param name="TIME" type="float"/></accessor></technique_common></source><source id="mixamorig_Neck-Matrix-animation-output-transform"><float_array id="mixamorig_Neck-Matrix-animation-output-transform-array" count="496">

0.998664 0.045756 0.024003 -0.000400 -0.041162 0.985321 -0.165677 16.860500 -0.031231 0.164468 0.985888 0.000000 0.000000 0.000000 0.000000 1.000000
0.998504 0.049749 0.022685 -0.000400 -0.045277 0.984910 -0.167041 16.860500 -0.030653 0.165764 0.985689 -0.000000 0.000000 0.000000 0.000000 1.000000
0.998327 0.053617 0.021621 -0.000400 -0.049124 0.983920 -0.171719 16.860500 -0.030480 0.170370 0.984909 0.000000 0.000000 0.000000 0.000000 1.000000
0.998132 0.057515 0.020598 -0.000400 -0.052964 0.982703 -0.177454 16.860500 -0.030448 0.176031 0.983914 0.000000 0.000000 0.000000 0.000000 1.000000
0.997929 0.061289 0.019547 -0.000400 -0.056685 0.981421 -0.183300 16.860500 -0.030418 0.181812 0.982863 0.000000 0.000000 0.000000 0.000000 1.000000
0.997730 0.064768 0.018429 -0.000400 -0.060149 0.980226 -0.188519 16.860500 -0.030275 0.186982 0.981897 0.000000 0.000000 0.000000 0.000000 1.000000
0.997641 0.066493 0.017041 -0.000400 -0.062033 0.979644 -0.190919 16.860500 -0.029389 0.189412 0.981458 0.000000 0.000000 0.000000 0.000000 1.000000
0.997393 0.070195 0.016722 -0.000400 -0.065668 0.979024 -0.192870 16.860500 -0.029909 0.191269 0.981082 0.000000 0.000000 0.000000 0.000000 1.000000
0.997059 0.074773 0.016830 -0.000400 -0.070081 0.978335 -0.194804 16.860500 -0.031031 0.193052 0.980698 0.000000 0.000000 0.000000 0.000000 1.000000
0.996761 0.078479 0.017569 -0.000400 -0.073544 0.977899 -0.195714 16.860500 -0.032540 0.193788 0.980504 0.000000 0.000000 0.000000 0.000000 1.000000
0.996476 0.081709 0.018960 -0.000400 -0.076440 0.977654 -0.195832 16.860500 -0.034537 0.193692 0.980454 0.000000 0.000000 0.000000 0.000000 1.000000
0.996203 0.084577 0.020632 -0.000400 -0.078941 0.977517 -0.195521 16.860500 -0.036705 0.193150 0.980482 0.000000 0.000000 0.000000 0.000000 1.000000
0.995998 0.086574 0.022194 -0.000400 -0.080625 0.977514 -0.194847 16.860500 -0.038563 0.192278 0.980582 0.000000 0.000000 0.000000 0.000000 1.000000
0.996056 0.085684 0.023042 -0.000400 -0.079651 0.977904 -0.193285 16.860500 -0.039094 0.190687 0.980872 0.000000 0.000000 0.000000 0.000000 1.000000
0.996585 0.079475 0.022398 -0.000400 -0.073811 0.979046 -0.189792 16.860500 -0.037013 0.187490 0.981569 0.000000 0.000000 0.000000 0.000000 1.000000
0.997093 0.073309 0.020778 -0.000400 -0.068174 0.980093 -0.186469 16.860500 -0.034034 0.184511 0.982241 -0.000000 0.000000 0.000000 0.000000 1.000000
0.997615 0.066577 0.018205 -0.000400 -0.062049 0.980605 -0.185914 16.860500 -0.030230 0.184341 0.982397 0.000000 0.000000 0.000000 0.000000 1.000000
0.998010 0.061046 0.015820 -0.000400 -0.056992 0.980487 -0.188143 16.860500 -0.026997 0.186867 0.982014 0.000000 0.000000 0.000000 0.000000 1.000000
0.998143 0.059015 0.015108 -0.000400 -0.055060 0.980089 -0.190769 16.860500 -0.026065 0.189583 0.981519 -0.000000 0.000000 0.000000 0.000000 1.000000
0.998068 0.059776 0.016919 -0.000400 -0.055469 0.980101 -0.190590 16.860500 -0.027975 0.189283 0.981524 0.000000 0.000000 0.000000 0.000000 1.000000
0.997963 0.060427 0.020439 -0.000400 -0.055562 0.980817 -0.186844 16.860500 -0.031337 0.185328 0.982177 0.000000 0.000000 0.000000 0.000000 1.000000
0.997888 0.060345 0.024045 -0.000400 -0.054969 0.981684 -0.182416 16.860500 -0.034613 0.180709 0.982927 -0.000000 0.000000 0.000000 0.000000 1.000000
0.998058 0.056543 0.026152 -0.000400 -0.050994 0.982631 -0.178425 16.860500 -0.035787 0.176745 0.983606 0.000000 0.000000 0.000000 0.000000 1.000000
0.998299 0.051785 0.026796 -0.000400 -0.046308 0.983425 -0.175304 16.860500 -0.035430 0.173764 0.984150 -0.000000 0.000000 0.000000 0.000000 1.000000
0.998425 0.049212 0.026942 -0.000400 -0.043826 0.983929 -0.173096 16.860500 -0.035028 0.171643 0.984536 -0.000000 0.000000 0.000000 0.000000 1.000000
0.998427 0.048894 0.027447 -0.000400 -0.043497 0.984282 -0.171161 16.860500 -0.035385 0.169698 0.984861 0.000000 0.000000 0.000000 0.000000 1.000000
0.998419 0.048595 0.028238 -0.000400 -0.043111 0.984510 -0.169943 16.860500 -0.036059 0.168457 0.985049 0.000000 0.000000 0.000000 0.000000 1.000000
0.998497 0.047197 0.027852 -0.000400 -0.041835 0.984741 -0.168921 16.860500 -0.035400 0.167502 0.985236 0.000000 0.000000 0.000000 0.000000 1.000000
0.998606 0.045366 0.026984 -0.000400 -0.040209 0.984975 -0.167950 16.860500 -0.034198 0.166631 0.985426 0.000000 0.000000 0.000000 0.000000 1.000000
0.998678 0.044433 0.025835 -0.000400 -0.039515 0.985180 -0.166908 16.860500 -0.032868 0.165666 0.985634 0.000000 0.000000 0.000000 0.000000 1.000000
0.998664 0.045756 0.024003 -0.000400 -0.041162 0.985321 -0.165677 16.860500 -0.031231 0.164468 0.985888 0.000000 0.000000 0.000000 0.000000 1.000000</float_array><technique_common><accessor source="#mixamorig_Neck-Matrix-animation-output-transform-array" count="31" stride="16"><param type="float4x4"/></accessor></technique_common></source><source id="mixamorig_Neck-Interpolations"><Name_array id="mixamorig_Neck-Interpolations-array" count="31">
 LINEAR LINEAR LINEAR LINEAR LINEAR LINEAR LINEAR LINEAR LINEAR LINEAR LINEAR
LINEAR LINEAR LINEAR LINEAR LINEAR LINEAR LINEAR LINEAR LINEAR LINEAR LINEAR LINEAR
LINEAR LINEAR LINEAR LINEAR LINEAR LINEAR LINEAR LINEAR</Name_array><technique_common><accessor source="#mixamorig_Neck-Interpolations-array" count="31"><param type="name"/></accessor></technique_common></source><sampler id="mixamorig_Neck-Matrix-animation-transform"><input semantic="INPUT" source="#mixamorig_Neck-Matrix-animation-input"/><input semantic="OUTPUT" source="#mixamorig_Neck-Matrix-animation-output-transform"/><input semantic="INTERPOLATION" source="#mixamorig_Neck-Interpolations"/></sampler><channel source="#mixamorig_Neck-Matrix-animation-transform" target="mixamorig_Neck/matrix"/></animation>
    <animation id="mixamorig_Head-anim" name="mixamorig_Head"><source id="mixamorig_Head-Matrix-animation-input"><float_array id="mixamorig_Head-Matrix-animation-input-array" count="31">

0.000000 0.033333 0.066667 0.100000 0.133333 0.166667 0.200000 0.233333 0.266667 0.300000 0.333333 0.366667 0.400000 0.433333 0.466667 0.500000
0.533333 0.566667 0.600000 0.633333 0.666667 0.700000 0.733333 0.766667 0.800000 0.833333 0.866667 0.900000 0.933333 0.966667 1.000000</float_array><technique_common><accessor source="#mixamorig_Head-Matrix-animation-input-array" count="31"><param name="TIME" type="float"/></accessor></technique_common></source><source id="mixamorig_Head-Matrix-animation-output-transform"><float_array id="mixamorig_Head-Matrix-animation-output-transform-array" count="496">

0.984221 0.154342 0.086535 0.000000 -0.153524 0.988014 -0.016078 9.617900 -0.087980 0.002539 0.996119 1.685000 0.000000 0.000000 0.000000 1.000000
0.986031 0.149415 0.073607 0.000000 -0.148087 0.988702 -0.023212 9.617900 -0.076244 0.011988 0.997017 1.685000 0.000000 0.000000 0.000000 1.000000
0.987874 0.142412 0.061831 -0.000000 -0.140485 0.989482 -0.034499 9.617900 -0.066094 0.025394 0.997490 1.685000 0.000000 0.000000 0.000000 1.000000
0.989627 0.134481 0.050528 -0.000000 -0.132128 0.990101 -0.047346 9.617900 -0.056395 0.040178 0.997600 1.685000 0.000000 0.000000 0.000000 1.000000
0.991213 0.126215 0.039581 -0.000000 -0.123709 0.990478 -0.060404 9.617900 -0.046828 0.054976 0.997389 1.685000 0.000000 0.000000 0.000000 1.000000
0.992577 0.118140 0.028881 -0.000000 -0.115797 0.990621 -0.072535 9.617900 -0.037179 0.068653 0.996948 1.685000 0.000000 0.000000 0.000000 1.000000
0.993551 0.111963 0.017886 0.000000 -0.110204 0.990697 -0.079847 9.617900 -0.026659 0.077361 0.996647 1.685000 0.000000 0.000000 0.000000 1.000000
0.994167 0.107265 0.011198 0.000000 -0.105963 0.990841 -0.083705 9.617900 -0.020074 0.082030 0.996428 1.685000 0.000000 0.000000 0.000000 1.000000
0.994654 0.103076 0.006274 -0.000000 -0.102151 0.991000 -0.086515 9.617900 -0.015135 0.085412 0.996231 1.685000 0.000000 0.000000 0.000000 1.000000
0.994651 0.103100 0.006300 0.000000 -0.102136 0.990783 -0.088975 9.617900 -0.015415 0.087855 0.996014 1.685000 0.000000 0.000000 0.000000 1.000000
0.994217 0.106843 0.010811 -0.000000 -0.105421 0.990225 -0.091327 9.617900 -0.020463 0.089659 0.995762 1.685000 0.000000 0.000000 0.000000 1.000000
0.993510 0.112405 0.017404 0.000000 -0.110311 0.989484 -0.093557 9.617900 -0.027737 0.091030 0.995462 1.685000 0.000000 0.000000 0.000000 1.000000
0.992632 0.118709 0.024290 -0.000000 -0.115890 0.988644 -0.095673 9.617900 -0.035372 0.092153 0.995116 1.685000 0.000000 0.000000 0.000000 1.000000
0.991579 0.125930 0.030221 -0.000000 -0.122466 0.987680 -0.097416 9.617900 -0.042116 0.092894 0.994785 1.685000 0.000000 0.000000 0.000000 1.000000
0.990445 0.133836 0.033277 0.000000 -0.130039 0.986671 -0.097832 9.617900 -0.045927 0.092570 0.994646 1.685000 0.000000 0.000000 0.000000 1.000000
0.990124 0.136885 0.030284 -0.000000 -0.133391 0.986306 -0.096988 9.617900 -0.043146 0.091991 0.994825 1.685000 0.000000 0.000000 0.000000 1.000000
0.990119 0.138115 0.024273 0.000000 -0.135249 0.986254 -0.094928 9.617900 -0.037050 0.090707 0.995188 1.685000 0.000000 0.000000 0.000000 1.000000
0.989798 0.141086 0.019861 -0.000000 -0.138657 0.985919 -0.093473 9.617900 -0.032769 0.089765 0.995424 1.685000 0.000000 0.000000 0.000000 1.000000
0.988808 0.147645 0.021460 -0.000000 -0.145062 0.985036 -0.093066 9.617900 -0.034879 0.088911 0.995429 1.685000 0.000000 0.000000 0.000000 1.000000
0.987151 0.156302 0.033209 0.000000 -0.152845 0.984232 -0.089022 9.617900 -0.046600 0.082802 0.995476 1.685000 0.000000 0.000000 0.000000 1.000000
0.985023 0.163916 0.053486 0.000000 -0.159529 0.984108 -0.077989 9.617900 -0.065420 0.068289 0.995518 1.685000 0.000000 0.000000 0.000000 1.000000
0.982675 0.169624 0.074682 0.000000 -0.164913 0.984143 -0.065324 9.617900 -0.084578 0.051876 0.995066 1.685000 0.000000 0.000000 0.000000 1.000000
0.981356 0.169364 0.090867 0.000000 -0.165324 0.984954 -0.050343 9.617900 -0.098026 0.034382 0.994590 1.685000 0.000000 0.000000 0.000000 1.000000
0.981000 0.166775 0.099118 0.000000 -0.163611 0.985742 -0.039298 9.617900 -0.104259 0.022334 0.994299 1.685000 0.000000 0.000000 0.000000 1.000000
0.980548 0.167536 0.102259 0.000000 -0.164719 0.985703 -0.035461 9.617900 -0.106738 0.017927 0.994126 1.685000 0.000000 0.000000 0.000000 1.000000
0.979188 0.173187 0.105817 -0.000000 -0.170410 0.984758 -0.034814 9.617900 -0.110234 0.016057 0.993776 1.685000 0.000000 0.000000 0.000000 1.000000
0.977456 0.179014 0.111956 0.000000 -0.176578 0.983786 -0.031387 9.617900 -0.115760 0.010911 0.993217 1.685000 0.000000 0.000000 0.000000 1.000000
0.978169 0.175610 0.111110 0.000000 -0.173834 0.984443 -0.025552 9.617900 -0.113869 0.005680 0.993480 1.685000 0.000000 0.000000 0.000000 1.000000
0.979830 0.168585 0.107298 0.000000 -0.167523 0.985687 -0.018901 9.617900 -0.108948 0.000545 0.994047 1.685000 0.000000 0.000000 0.000000 1.000000
0.981736 0.161533 0.100507 0.000000 -0.160886 0.986866 -0.014566 9.617900 -0.101540 -0.001871 0.994830 1.685000 0.000000 0.000000 0.000000 1.000000
0.984221 0.154342 0.086535 0.000000 -0.153524 0.988014 -0.016078 9.617900 -0.087980 0.002539 0.996119 1.685000 0.000000 0.000000 0.000000 1.000000</float_array><technique_common><accessor source="#mixamorig_Head-Matrix-animation-output-transform-array" count="31" stride="16"><param type="float4x4"/></accessor></technique_common></source><source id="mixamorig_Head-Interpolations"><Name_array id="mixamorig_Head-Interpolations-array" count="31">
 LINEAR LINEAR LINEAR LINEAR LINEAR LINEAR LINEAR LINEAR LINEAR LINEAR LINEAR
LINEAR LINEAR LINEAR LINEAR LINEAR LINEAR LINEAR LINEAR LINEAR LINEAR LINEAR LINEAR
LINEAR LINEAR LINEAR LINEAR LINEAR LINEAR LINEAR LINEAR</Name_array><technique_common><accessor source="#mixamorig_Head-Interpolations-array" count="31"><param type="name"/></accessor></technique_common></source><sampler id="mixamorig_Head-Matrix-animation-transform"><input semantic="INPUT" source="#mixamorig_Head-Matrix-animation-input"/><input semantic="OUTPUT" source="#mixamorig_Head-Matrix-animation-output-transform"/><input semantic="INTERPOLATION" source="#mixamorig_Head-Interpolations"/></sampler><channel source="#mixamorig_Head-Matrix-animation-transform" target="mixamorig_Head/matrix"/></animation>
    <animation id="mixamorig_LeftShoulder-anim" name="mixamorig_LeftShoulder"><source id="mixamorig_LeftShoulder-Matrix-animation-input"><float_array id="mixamorig_LeftShoulder-Matrix-animation-input-array" count="31">

0.000000 0.033333 0.066667 0.100000 0.133333 0.166667 0.200000 0.233333 0.266667 0.300000 0.333333 0.366667 0.400000 0.433333 0.466667 0.500000
