joint y_bot_hips root
1 1e-06 0 0 -1e-06 1 -0 0 -0 -0 1 0 -3e-06 99.7919 4.8e-05 1 1 -1e-06 0 -0 1e-06 1 -0 0 0 -0 1 -0 -9.67919e-05 -99.7919 -4.8e-05 1 
joint y_bot_spine y_bot_hips
1 -1.6e-05 -0 0 1.6e-05 0.992624 -0.121236 0 2e-06 0.121236 0.992624 0 -0 9.92346 -1.22733 1 1 1.48894e-05 1.81854e-06 -0 -1.51244e-05 0.992623 0.121236 0 -4.54721e-08 -0.121236 0.992623 -0 0.00167225 -109.055 -12.0832 1 
joint y_bot_spine1 y_bot_spine
1 8e-06 -0 0 -8e-06 1 0.000392 0 0 -0.000392 1 0 -0.000318 11.732 -0 1 1 6.89006e-06 1.81584e-06 -0 -7.18308e-06 0.992671 0.120847 0 -1.01225e-06 -0.120847 0.992671 -0 0.00102392 -120.791 -12.0359 1 
joint y_bot_spine2 y_bot_spine1
1 0 0 0 -0 1 -0 0 0 -0 1 0 0 13.4588 -0 1 1 6.89006e-06 1.81584e-06 -0 -7.18308e-06 0.992671 0.120847 0 -1.01225e-06 -0.120847 0.992671 -0 0.00102392 -134.25 -12.0359 1 
joint y_bot_neck y_bot_spine2
1 7e-06 2e-06 0 -7e-06 0.992671 0.120847 0 -1e-06 -0.120847 0.992671 0 -8e-05 14.8265 2.60372 1 1 -1.31387e-07 -1.69527e-07 -0 -1.83082e-07 1 -1.71363e-07 0 -1.22456e-08 1.71363e-07 1 -0 5.91284e-05 -149.753 3.4832 1 
joint y_bot_head y_bot_neck
1 0 0 0 -0 1 0 0 -0 0 1 0 2e-06 10.3218 3.14243 1 1 -1.31387e-07 -1.69527e-07 -0 -1.83082e-07 1 -1.71363e-07 0 -1.22456e-08 1.71363e-07 1 -0 5.71284e-05 -160.075 0.340774 1 
joint y_bot_headtop_end y_bot_head
1 0 0 0 0 1 0 0 -0 0 1 0 0.000154 18.4747 6.6364 1 1 -1.31387e-07 -1.69527e-07 -0 -1.83082e-07 1 -1.71363e-07 0 -1.22456e-08 1.71363e-07 1 -0 -9.68716e-05 -178.55 -6.29563 1 
joint y_bot_lefteye y_bot_head
1 0 0 0 0 1 0 0 -0 0 1 0 2.94792 7.68175 9.12073 1 1 -1.31387e-07 -1.69527e-07 -0 -1.83082e-07 1 -1.71363e-07 0 -1.22456e-08 1.71363e-07 1 -0 -2.94786 -167.757 -8.77996 1 
joint y_bot_righteye y_bot_head
1 0 0 0 0 1 0 0 -0 0 1 0 -2.94448 7.68175 9.1205 1 1 -1.31387e-07 -1.69527e-07 -0 -1.83082e-07 1 -1.71363e-07 0 -1.22456e-08 1.71363e-07 1 -0 2.94454 -167.757 -8.77972 1 
joint y_bot_leftshoulder y_bot_spine2
-0.201229 0.12257 -0.971845 0 0.979319 0.003901 -0.202284 0 -0.021002 -0.992452 -0.12082 0 6.10576 8.95843 1.80136 1 -0.20123 0.979319 -0.0210099 -0 0.00422842 -0.0205793 -0.999779 0 -0.979535 -0.201274 2.09548e-08 0 -2.87698 -3.7382 143.928 1 
joint y_bot_leftarm y_bot_leftshoulder
0.979535 0.201272 -0.000124 0 -0.20123 0.979319 -0.021011 0 -0.004107 0.020606 0.999779 0 -0 12.9223 0 1 4.28078e-07 1 1.13999e-06 -0 0.000124315 1.75458e-06 -1 0 -1 2.36071e-07 -0.000124002 -0 -6.18931 -18.761 143.565 1 
joint y_bot_leftforearm y_bot_leftarm
1 1e-06 -2.3e-05 0 -1e-06 1 0 0 2.3e-05 -0 1 0 -0 27.4047 0 1 1.42805e-06 1 1.14002e-06 -0 0.000147315 1.75443e-06 -1 0 -1 1.23607e-06 -0.000147002 -0 -6.19266 -46.1657 143.565 1 
joint y_bot_lefthand y_bot_leftforearm
0.987701 1e-06 -0.156353 0 -1e-06 1 0 0 0.156353 -0 0.987701 0 -0 27.6145 -0 1 2.21994e-06 1 1.50564e-06 -0 0.156499 1.59794e-06 -0.987679 0 -0.987679 2.22375e-06 -0.156498 -0 -28.5633 -73.7802 140.831 1 
joint y_bot_lefthandmiddle1 y_bot_lefthand
0.988575 -0.006061 0.150608 0 0.005991 0.999982 0.000913 0 -0.15061 -0 0.988593 0 0 12.7755 0 1 -0.00605774 0.999981 8.77634e-07 -0 0.00595904 3.77164e-05 -0.999983 0 -0.999965 -0.00605867 -0.00595811 0 -6.50233 -86.5967 143.526 1 
joint y_bot_lefthandmiddle2 y_bot_lefthandmiddle1
0.999958 0.00921 0.000198 0 -0.00921 0.999958 0 0 -0.000198 -2e-06 1 0 -0.0219 3.6139 0 1 0.00315233 0.999994 2.53473e-07 -0 0.00576113 -1.73443e-05 -0.999984 0 -0.999979 0.00315125 -0.00576012 -0 -7.28257 -90.147 143.528 1 
joint y_bot_lefthandmiddle3 y_bot_lefthandmiddle2
1 -0.000162 1.5e-05 0 0.000162 1 -0 0 -1.5e-05 0 1 0 0.010929 3.45974 -0 1 0.00299033 0.999995 2.08616e-07 -0 0.00574613 -1.64134e-05 -0.999984 0 -0.999979 0.00298926 -0.00574512 -0 -7.27619 -93.6079 143.528 1 
joint y_bot_lefthandmiddle4 y_bot_lefthandmiddle3
1 0 0 0 0 1 0 0 0 0 1 0 0.01097 3.68018 0 1 0.00299033 0.999995 2.08616e-07 -0 0.00574613 -1.64134e-05 -0.999984 0 -0.999979 0.00298926 -0.00574512 -0 -7.28716 -97.2881 143.528 1 
joint y_bot_lefthandthumb1 y_bot_lefthand
0.891912 0.439273 0.107388 0 -0.445016 0.810429 0.381006 0 0.080335 -0.387613 0.918315 0 -3.30511 3.78881 1.67051 1 0.439275 0.810429 -0.387612 -0 0.0335187 -0.445954 -0.894428 0 -0.897728 0.379908 -0.223061 -0 -41.6579 1.39696 155.83 1 
joint y_bot_lefthandthumb2 y_bot_lefthandthumb1
0.990363 0.138493 0.000486 0 -0.138493 0.990363 -2.9e-05 0 -0.000485 -3.8e-05 1 0 -0.361587 4.73117 -0 1 0.547093 0.741794 -0.387856 -0 -0.0290003 -0.446273 -0.894427 0 -0.836571 0.500583 -0.22264 -0 -41.2845 2.41256 155.851 1 
joint y_bot_lefthandthumb3 y_bot_lefthandthumb2
0.999295 -0.037439 0.002957 0 0.037439 0.999299 -7.4e-05 0 -0.002953 0.000185 0.999996 0 0.274355 4.37353 -0 1 0.517787 0.761785 -0.389332 -0 -0.0149175 -0.446979 -0.89442 0 -0.85538 0.468928 -0.220077 -0 -40.9951 -3.52711 155.972 1 
joint y_bot_lefthandthumb4 y_bot_lefthandthumb3
1 -0 0 0 -0 1 0 0 0 -0 1 0 0.087232 3.45798 -0 1 0.517787 0.761785 -0.389332 -0 -0.0149175 -0.446979 -0.89442 0 -0.85538 0.468928 -0.220077 -0 -41.0823 -6.98508 155.972 1 
joint y_bot_lefthandindex1 y_bot_lefthand
0.987859 -0.003391 0.155316 0 0.00335 0.999994 0.000528 0 -0.155317 -1e-06 0.987865 0 -2.82354 12.2666 -0.212654 1 -0.00338893 0.999994 -1.38429e-07 -0 0.00119621 4.65432e-06 -0.999999 0 -0.999994 -0.00338878 -0.00119597 0 -3.22918 -86.0581 143.33 1 
joint y_bot_lefthandindex2 y_bot_lefthandindex1
0.999992 0.004007 7.3e-05 0 -0.004007 0.999992 -0 0 -7.3e-05 -0 1 0 -0.01323 3.89194 -0 1 0.000618077 1 -1.83548e-07 -0 0.00112322 1.53571e-07 -0.999999 0 -1 0.000618226 -0.00112297 -0 -3.56589 -89.9365 143.33 1 
joint y_bot_lefthandindex3 y_bot_lefthandindex2
0.999996 0.002992 -9.7e-05 0 -0.002992 0.999996 1e-06 0 9.7e-05 -0 1 0 0.002116 3.41516 -0 1 0.00361007 0.999993 -8.33365e-07 -0 0.00122022 -3.49733e-06 -0.999999 0 -0.999993 0.00361022 -0.00121998 -0 -3.8612 -93.3405 143.33 1 
joint y_bot_lefthandindex4 y_bot_lefthandindex3
1 0 0 0 0 1 0 0 -0 0 1 0 0.011115 3.07797 0 1 0.00361007 0.999993 -8.33365e-07 -0 0.00122022 -3.49733e-06 -0.999999 0 -0.999993 0.00361022 -0.00121998 -0 -3.87232 -96.4184 143.33 1 
joint y_bot_lefthandring1 y_bot_lefthand
0.988605 -0.005249 0.150439 0 0.005189 0.999986 0.00079 0 -0.150441 -1e-06 0.988619 0 2.1909 12.147 0.337014 1 -0.00524637 0.999986 7.84422e-07 -0 0.00613005 3.27751e-05 -0.999982 0 -0.999969 -0.00524669 -0.00612972 0 -8.81707 -85.9745 143.521 1 
joint y_bot_lefthandring2 y_bot_lefthandring1
0.999997 0.002255 0.000136 0 -0.002255 0.999997 -1e-06 0 -0.000136 0 1 0 -0.01893 3.60114 -0 1 -0.00299139 0.999996 2.19125e-06 -0 0.00599411 1.92584e-05 -0.999982 0 -0.999979 -0.00299175 -0.00599373 0 -8.9806 -89.5557 143.523 1 
joint y_bot_lefthandring3 y_bot_lefthandring2
0.999941 0.010862 -0.000381 0 -0.010862 0.999941 3e-06 0 0.000381 1e-06 1 0 -0.009874 3.3073 -0 1 0.00787074 0.99997 2.19009e-06 -0 0.00637495 -4.89892e-05 -0.99998 0 -0.99995 0.00787018 -0.00637473 -0 -10.0336 -92.7596 143.519 1 
joint y_bot_lefthandring4 y_bot_lefthandring3
1 0 0 0 0 1 -0 0 0 0 1 0 0.028805 3.66 0 1 0.00787074 0.99997 2.19009e-06 -0 0.00637495 -4.89892e-05 -0.99998 0 -0.99995 0.00787018 -0.00637473 -0 -10.0624 -96.4196 143.519 1 
joint y_bot_lefthandpinky1 y_bot_lefthand
0.988453 -0.001306 0.151519 0 0.001291 0.999999 0.000198 0 -0.151519 -0 0.988454 0 4.63223 10.9082 0.962904 1 -0.00130367 0.999999 1.04923e-06 -0 0.00503961 8.17967e-06 -0.999988 0 -0.999988 -0.00130376 -0.00503914 0 -11.5091 -84.7035 143.283 1 
joint y_bot_lefthandpinky2 y_bot_lefthandpinky1
0.999999 0.001652 1.3e-05 0 -0.001652 0.999999 1e-06 0 -1.3e-05 -1e-06 1 0 -0.005423 4.13665 0 1 0.000348326 1 4.4701e-08 -0 0.00502661 -1.12428e-06 -0.999988 0 -0.999988 0.000348214 -0.00502614 -0 -11.6485 -88.8208 143.283 1 
joint y_bot_lefthandpinky3 y_bot_lefthandpinky2
0.999999 0.001192 -1.5e-05 0 -0.001192 0.999999 -1e-06 0 1.5e-05 1e-06 1 0 0.000939 2.59484 -0 1 0.00154033 0.999999 1.0678e-06 -0 0.00504161 -6.13389e-06 -0.999988 0 -0.999987 0.00154021 -0.00504114 -0 -11.7606 -91.4019 143.283 1 
joint y_bot_lefthandpinky4 y_bot_lefthandpinky3
1 0 -0 0 0 1 0 0 -0 0 1 0 0.004484 2.92387 0 1 0.00154033 0.999999 1.0678e-06 -0 0.00504161 -6.13389e-06 -0.999988 0 -0.999987 0.00154021 -0.00504114 -0 -11.765 -94.3257 143.283 1 
joint y_bot_rightshoulder y_bot_spine2
-0.201229 -0.122574 0.971845 0 -0.979319 0.00388 -0.202287 0 0.021025 -0.992452 -0.120819 0 -6.10576 8.95843 1.80136 1 -0.201228 -0.979319 0.0210173 -0 -0.00422919 -0.0205879 -0.999779 0 0.979535 -0.201272 3.6275e-07 -0 2.87709 -3.73694 143.928 1 
joint y_bot_rightarm y_bot_rightshoulder
0.979536 -0.20127 0.000124 0 0.201228 0.979319 -0.021018 0 0.004109 0.020613 0.999779 0 0 12.9223 0 1 5.75824e-09 -1 -6.91042e-07 -0 -0.000122778 3.81831e-07 -1 0 0.999999 8.79605e-08 -0.000123662 -0 6.18904 -18.7608 143.565 1 
joint y_bot_rightforearm y_bot_rightarm
1 -1e-06 2.3e-05 0 1e-06 1 0 0 -2.3e-05 -0 1 0 0 27.4047 0 1 1.00574e-06 -1 -6.91065e-07 -0 -0.000145778 3.81685e-07 -1 0 0.999999 1.08796e-06 -0.000146662 -0 6.19239 -46.1655 143.564 1 
joint y_bot_righthand y_bot_rightforearm
0.987701 -1e-06 0.156353 0 1e-06 1 0 0 -0.156353 -0 0.987701 0 0 27.6145 -0 1 1.87302e-06 -1 -9.96169e-07 -0 -0.156497 2.25188e-07 -0.987678 0 0.987678 2.07564e-06 -0.156498 -0 28.5631 -73.78 140.831 1 
joint y_bot_righthandmiddle1 y_bot_righthand
0.988575 0.00606 -0.150608 0 -0.005991 0.999982 0.000913 0 0.15061 0 0.988593 0 0 12.7755 0 1 -0.00605816 -0.999981 -4.26276e-07 0 -0.00595749 3.63282e-05 -0.999982 0 0.999964 -0.00605781 -0.00595776 -0 6.50207 -86.5964 143.526 1 
joint y_bot_righthandmiddle2 y_bot_righthandmiddle1
0.999958 -0.00921 -0.000198 0 0.00921 0.999958 0 0 0.000198 -2e-06 1 0 0.0219 3.6139 0 1 0.00315191 -0.999994 1.97806e-07 -0 -0.00575956 -1.87181e-05 -0.999984 0 0.999978 0.0031521 -0.00575976 -0 7.2823 -90.1468 143.528 1 
joint y_bot_righthandmiddle3 y_bot_righthandmiddle2
1 0.000162 -1.5e-05 0 -0.000162 1 0 0 1.5e-05 -0 1 0 -0.010929 3.45974 -0 1 0.00298991 -0.999994 2.42653e-07 -0 -0.00574457 -1.77875e-05 -0.999984 0 0.999978 0.00299011 -0.00574476 -0 7.27592 -93.6077 143.528 1 
joint y_bot_righthandmiddle4 y_bot_righthandmiddle3
1 0 0 0 -0 1 -0 0 0 0 1 0 -0.01097 3.68018 0 1 0.00298991 -0.999994 2.42653e-07 -0 -0.00574457 -1.77875e-05 -0.999984 0 0.999978 0.00299011 -0.00574476 -0 7.28689 -97.2879 143.528 1 
joint y_bot_righthandthumb1 y_bot_righthand
0.891912 -0.439274 -0.107387 0 0.445016 0.810429 0.381006 0 -0.080336 -0.387612 0.918315 0 3.30511 3.78881 1.67051 1 0.439275 -0.810428 0.387612 -0 -0.0335178 -0.445954 -0.894428 0 0.897726 0.379908 -0.223062 -0 41.6578 1.39695 155.83 1 
joint y_bot_righthandthumb2 y_bot_righthandthumb1
0.990363 -0.138493 -0.000486 0 0.138493 0.990363 -2.9e-05 0 0.000485 -3.8e-05 1 0 0.361587 4.73117 -0 1 0.547092 -0.741794 0.387856 -0 0.0290011 -0.446273 -0.894427 0 0.836569 0.500583 -0.222641 -0 41.2843 2.41254 155.851 1 
joint y_bot_righthandthumb3 y_bot_righthandthumb2
0.999295 0.037439 -0.002957 0 -0.037439 0.999299 -7.4e-05 0 0.002953 0.000185 0.999996 0 -0.274355 4.37353 -0 1 0.517787 -0.761785 0.389332 -0 0.0149184 -0.446979 -0.894419 0 0.855378 0.468928 -0.220077 -0 40.995 -3.52713 155.972 1 
joint y_bot_righthandthumb4 y_bot_righthandthumb3
1 0 -0 0 -0 1 0 0 0 -0 1 0 -0.087232 3.45798 -0 1 0.517787 -0.761785 0.389332 -0 0.0149184 -0.446979 -0.894419 0 0.855378 0.468928 -0.220077 -0 41.0822 -6.9851 155.972 1 
joint y_bot_righthandindex1 y_bot_righthand
0.987859 0.003391 -0.155316 0 -0.00335 0.999994 0.000528 0 0.155317 -1e-06 0.987865 0 2.82354 12.2666 -0.212654 1 -0.00338935 -0.999994 5.87888e-07 0 -0.00119467 3.27632e-06 -0.999999 0 0.999993 -0.00338892 -0.00119563 -0 3.22891 -86.0579 143.33 1 
joint y_bot_righthandindex2 y_bot_righthandindex1
0.999992 -0.004007 -7.3e-05 0 0.004007 0.999992 -0 0 7.3e-05 -0 1 0 0.01323 3.89194 -0 1 0.000617655 -1 6.32978e-07 -0 -0.00112167 -1.21822e-06 -0.999999 0 0.999999 0.000618077 -0.00112263 -0 3.56562 -89.9363 143.33 1 
joint y_bot_righthandindex3 y_bot_righthandindex2
0.999996 -0.002991 9.9e-05 0 0.002991 0.999996 1e-06 0 -9.9e-05 -1e-06 1 0 -0.002116 3.41516 -0 1 0.00360865 -0.999993 1.27571e-06 -0 -0.00122066 -5.86923e-06 -0.999999 0 0.999992 0.00360907 -0.00122163 -0 3.86113 -93.3401 143.33 1 
joint y_bot_righthandindex4 y_bot_righthandindex3
1 -0 0 0 0 1 0 0 0 0 1 0 -0.011115 3.07797 0 1 0.00360865 -0.999993 1.27571e-06 -0 -0.00122066 -5.86923e-06 -0.999999 0 0.999992 0.00360907 -0.00122163 -0 3.87224 -96.4181 143.33 1 
joint y_bot_righthandring1 y_bot_righthand
0.988605 0.005249 -0.150439 0 -0.005189 0.999986 0.00079 0 0.150441 -1e-06 0.988619 0 -2.1909 12.147 0.337014 1 -0.00524679 -0.999986 -3.33082e-07 0 -0.00612851 3.13942e-05 -0.999981 0 0.999967 -0.00524683 -0.00612935 -0 8.81681 -85.9743 143.521 1 
joint y_bot_righthandring2 y_bot_righthandring1
0.999997 -0.002255 -0.000136 0 0.002255 0.999997 -1e-06 0 0.000136 0 1 0 0.01893 3.60114 0 1 -0.00299181 -0.999996 -1.73996e-06 0 -0.00599257 1.7881e-05 -0.999982 0 0.999978 -0.00299189 -0.00599336 -0 8.98033 -89.5555 143.522 1 
joint y_bot_righthandring3 y_bot_righthandring2
0.999941 -0.010862 0.00038 0 0.010862 0.999941 4e-06 0 -0.00038 1e-06 1 0 0.009874 3.3073 0 1 0.00787032 -0.999969 -7.30801e-07 -0 -0.00637239 -5.03389e-05 -0.999979 0 0.999949 0.00787003 -0.00637337 -0 10.0331 -92.7594 143.519 1 
joint y_bot_righthandring4 y_bot_righthandring3
1 0 0 0 -0 1 -0 0 0 0 1 0 -0.028805 3.66 0 1 0.00787032 -0.999969 -7.30801e-07 -0 -0.00637239 -5.03389e-05 -0.999979 0 0.999949 0.00787003 -0.00637337 -0 10.0619 -96.4194 143.519 1 
joint y_bot_righthandpinky1 y_bot_righthand
0.988453 0.001306 -0.151519 0 -0.001291 0.999999 0.000198 0 0.151519 -0 0.988454 0 -4.63223 10.9082 0.962904 1 -0.00130409 -0.999999 -5.98205e-07 0 -0.00503805 6.80489e-06 -0.999988 0 0.999987 -0.00130391 -0.00503879 -0 11.5088 -84.7033 143.283 1 
joint y_bot_righthandpinky2 y_bot_righthandpinky1
0.999999 -0.001652 -1.3e-05 0 0.001652 0.999999 1e-06 0 1.3e-05 -1e-06 1 0 0.005423 4.13665 0 1 0.000347906 -0.999999 4.06318e-07 -0 -0.00502505 -2.49649e-06 -0.999988 0 0.999987 0.000348066 -0.00502579 -0 11.6482 -88.8206 143.283 1 
joint y_bot_righthandpinky3 y_bot_righthandpinky2
0.999999 -0.001192 1.4e-05 0 0.001192 0.999999 -1e-06 0 -1.4e-05 1e-06 1 0 -0.000939 2.59484 -0 1 0.00153991 -0.999999 -6.15239e-07 -0 -0.00503905 -7.50305e-06 -0.999988 0 0.999986 0.00154006 -0.00503979 -0 11.7602 -91.4017 143.283 1 
joint y_bot_righthandpinky4 y_bot_righthandpinky3
1 0 0 0 -0 1 0 0 0 0 1 0 -0.004484 2.92387 0 1 0.00153991 -0.999999 -6.15239e-07 -0 -0.00503905 -7.50305e-06 -0.999988 0 0.999986 0.00154006 -0.00503979 -0 11.7646 -94.3256 143.283 1 
joint y_bot_rightupleg y_bot_hips
-0.999982 0.00603 -0.000186 0 -0.006027 -0.999902 -0.012673 0 -0.000263 -0.012672 0.99992 0 -9.12445 -6.6564 -0.055378 1 -0.999982 -0.00602615 -0.000262387 -0 0.00602885 -0.999901 -0.0126716 0 -0.0001866 -0.0126733 0.999919 0 -9.68579 93.0705 1.23311 1 
joint y_bot_rightleg y_bot_rightupleg
0.99993 0.011811 -0.000607 0 -0.011825 0.999272 -0.036279 0 0.000178 0.036283 0.999342 0 0 40.5994 0 1 -0.999983 0.00581278 -0.000658928 -0 -0.00577347 -0.998784 -0.0489422 0 -0.000943136 -0.0489373 0.998801 -0 -9.06614 52.5027 3.13441 1 
joint y_bot_rightfoot y_bot_rightleg
0.999657 -0.01945 -0.017514 0 0.025683 0.599966 0.799613 0 -0.005044 -0.799789 0.60026 0 -0 42.099 -0 1 -0.999742 -0.0227215 5.77419e-08 -0 0.0145118 -0.63852 0.769468 0 -0.0174848 0.769269 0.638684 -0 -9.32029 8.51532 -6.39354 1 
joint y_bot_righttoebase y_bot_rightfoot
0.999742 0.022721 0 0 -0.017483 0.769269 0.638685 0 0.014512 -0.638521 0.769468 0 -0 16.432 -0 1 -1 -3.81842e-07 3.92087e-07 -0 -1.63422e-07 6.85453e-07 0.999999 0 -1.74609e-06 1 -6.5565e-07 0 -9.49775 -10.0106 0.000113284 1 
joint y_bot_righttoe_end y_bot_righttoebase
0.998106 -0.057315 0.02233 0 0.057917 0.997948 -0.027305 0 -0.02072 0.028547 0.999378 0 0 9.99252 0 1 -0.998107 -0.0579172 0.0207196 -0 0.0223306 -0.0273047 0.999376 -0 -0.057317 0.997948 0.0285459 -0 -8.33329 -20.5122 -0.374122 1 
joint y_bot_leftupleg y_bot_hips
-0.999982 -0.006029 0.000187 0 0.006026 -0.999901 -0.012703 0 0.000263 -0.012702 0.999919 0 9.12445 -6.6564 -0.055378 1 -0.999982 0.00602714 0.000263581 -0 -0.00602985 -0.999901 -0.0127016 0 0.000186432 -0.0127034 0.99992 -0 9.68589 93.0706 1.23589 1 
joint y_bot_leftleg y_bot_leftupleg
0.99993 -0.011811 0.000607 0 0.011825 0.999274 -0.036218 0 -0.000179 0.036222 0.999344 0 -0 40.5994 0 1 -0.999983 -0.0058118 0.000660512 0 0.00577245 -0.998787 -0.0489113 0 0.000943601 -0.0489064 0.998803 -0 9.06624 52.5028 3.134 1 
joint y_bot_leftfoot y_bot_leftleg
0.999657 0.019451 0.017514 0 -0.025683 0.599991 0.799595 0 0.005044 -0.79977 0.600285 0 0 42.099 -0 1 -0.999742 0.022724 1.11759e-08 -0 -0.0145128 -0.63852 0.769469 0 0.0174852 0.769269 0.638685 -0 9.32039 8.51526 -6.39363 1 
joint y_bot_lefttoebase y_bot_leftfoot
0.999742 -0.022721 0 0 0.017483 0.769269 0.638685 0 -0.014512 -0.638521 0.769468 0 0 16.432 -0 1 -1 2.30595e-06 -1.89804e-06 0 -8.65153e-07 9.53676e-07 1 0 2.20663e-06 1 -1.7881e-07 -0 9.49786 -10.0107 8.37135e-05 1 
joint y_bot_lefttoe_end y_bot_lefttoebase
0.998106 0.057315 -0.02233 0 -0.057917 0.997948 -0.027305 0 0.02072 0.028547 0.999378 0 -0 9.99252 0 1 -0.998107 0.0579192 -0.020721 -0 -0.0223316 -0.0273044 0.999377 0 0.0573174 0.997948 0.0285464 -0 8.33338 -20.5123 -0.374152 1 
